1 0.3971389645776567 0.4273743016759777 0.08583106267029973 0.0595903165735568
1 0.3867506811989101 0.27296710117939166 0.08344686648501362 0.0611421477343265
1 0.2780994550408719 0.5889199255121043 0.14884196185286103 0.09031657355679702
0 0.7614100817438693 0.7675356921166977 0.1931198910081744 0.22098075729360644
0 0.635899182561308 0.25186219739292365 0.15803814713896458 0.0723153320918684
1 0.7636239782016349 0.8171942892613284 0.1927792915531335 0.1154562383612663
1 0.6875 0.5940409683426443 0.08957765667574932 0.10738671632526381
1 0.7384196185286104 0.32479826194909994 0.10899182561307902 0.05431409062693979
1 0.29427792915531337 0.47641216635630046 0.10013623978201634 0.08441961514587212
1 0.6851158038147139 0.3691806331471136 0.08480926430517712 0.06921166977032898
0 0.33753405994550406 0.37259466170080696 0.06948228882833787 0.11142147734326505
0 0.369550408719346 0.24487895716945995 0.15940054495912806 0.03476101800124146
