0 0.1299009900990099 0.5372807017543859 0.05861386138613861 0.0689792663476874
0 0.4902970297029703 0.2286682615629984 0.08633663366336633 0.21650717703349281
0 0.8148514851485148 0.48584529505582136 0.14376237623762375 0.09210526315789473
0 0.5407920792079208 0.47707336523126 0.43366336633663366 0.11443381180223286
0 0.8188118811881188 0.46750398724082937 0.10732673267326732 0.04665071770334928
0 0.2871287128712871 0.48843700159489634 0.07603960396039604 0.03189792663476874
0 0.5984158415841584 0.2625598086124402 0.1299009900990099 0.1519138755980861
0 0.8586138613861386 0.4866427432216906 0.0902970297029703 0.08652312599681021
0 0.1299009900990099 0.5372807017543859 0.05861386138613861 0.0689792663476874
0 0.8148514851485148 0.48584529505582136 0.14376237623762375 0.09210526315789473
