0 0.5662993245645218 0.6622678396871945 0.3654461429079275 0.15933528836754643
0 0.3370067543547814 0.35125448028673834 0.015641663704230358 0.013685239491691105
0 0.2986135798080341 0.3046594982078853 0.019196587273373623 0.019550342130987292
0 0.6288659793814433 0.18670576735092864 0.11233558478492713 0.04626914304333659
0 0.3745111980092428 0.18426197458455523 0.08780661215783861 0.04985337243401759
0 0.7730181301102026 0.7443792766373412 0.027372911482403128 0.023134571521668295
0 0.24777817276928546 0.7114695340501792 0.03554923569143263 0.033561420658194854
0 0.6788126555279062 0.22157054415118932 0.03021685033771774 0.07103290974258716
0 0.6901884109491646 0.2505702183121538 0.10700319943121223 0.12186379928315412
0 0.5810522573764664 0.3592375366568915 0.12619978670458584 0.13326816552623005
0 0.32811944543192323 0.3018898664059954 0.0796302879488091 0.1508634734441186
0 0.2899040170636331 0.2873900293255132 0.0472804834696054 0.06321277289019224
