0 0.2711588541666667 0.70556640625 0.10546875 0.07389322916666667
0 0.3064778645833333 0.42626953125 0.11360677083333333 0.049153645833333336
0 0.6136067708333334 0.20735677083333334 0.09505208333333333 0.036458333333333336
0 0.56396484375 0.3722330729166667 0.09928385416666667 0.10774739583333333
0 0.5680338541666666 0.634765625 0.396484375 0.19205729166666666
0 0.2711588541666667 0.70556640625 0.10546875 0.07389322916666667
0 0.8152669270833334 0.6017252604166666 0.019856770833333332 0.023763020833333332
0 0.8152669270833334 0.6017252604166666 0.019856770833333332 0.023763020833333332
0 0.3191731770833333 0.6162109375 0.1064453125 0.06901041666666667
0 0.3902994791666667 0.22216796875 0.091796875 0.019856770833333332
0 0.3035481770833333 0.4230143229166667 0.11295572916666667 0.046549479166666664
