0 0.3805246137261947 0.32302158273381293 0.2026590010779734 0.1553956834532374
0 0.17966223499820339 0.6357913669064749 0.08048868127919512 0.4758992805755396
0 0.8131512756018685 0.5947841726618706 0.061085159899389146 0.27014388489208635
0 0.3575278476464247 0.3643884892086331 0.23571685231764283 0.2446043165467626
0 0.8131512756018685 0.5947841726618706 0.061085159899389146 0.27014388489208635
0 0.6893639956881064 0.47697841726618706 0.2885375494071146 0.48633093525179855
0 0.3602227811713978 0.3449640287769784 0.1275601868487244 0.09640287769784173
0 0.6478620194035214 0.3365107913669065 0.13007545813869925 0.10107913669064748
0 0.1746316924182537 0.7 0.0905497664390945 0.26258992805755393
0 0.3720804886812792 0.36384892086330933 0.1807402084081926 0.24640287769784172
0 0.6893639956881064 0.47697841726618706 0.2885375494071146 0.48633093525179855
0 0.17966223499820339 0.6357913669064749 0.08048868127919512 0.4758992805755396
0 0.6882860222781172 0.3983812949640288 0.2935680919870643 0.30971223021582733
