0 0.7072482638888888 0.33194444444444443 0.023003472222222224 0.024305555555555556
0 0.2784288194444444 0.3597222222222222 0.12890625 0.07430555555555556
0 0.7157118055555556 0.34131944444444445 0.025173611111111112 0.044444444444444446
0 0.7513020833333334 0.44548611111111114 0.017361111111111112 0.01875
0 0.2784288194444444 0.3597222222222222 0.12890625 0.07430555555555556
0 0.7113715277777778 0.3315972222222222 0.025173611111111112 0.025
0 0.748046875 0.44288194444444445 0.023871527777777776 0.022569444444444444
0 0.7228732638888888 0.35711805555555554 0.010850694444444444 0.012847222222222222
0 0.24500868055555555 0.3404513888888889 0.016927083333333332 0.01423611111111111
0 0.6764322916666666 0.7142361111111111 0.037760416666666664 0.02847222222222222
0 0.2591145833333333 0.25833333333333336 0.11284722222222222 0.06597222222222222
0 0.7504340277777778 0.44583333333333336 0.019097222222222224 0.01875
0 0.2764756944444444 0.3392361111111111 0.020833333333333332 0.013888888888888888
