0 0.578588612670409 0.31207934821112293 0.11948676824378508 0.16011335458731846
0 0.11507618283881316 0.8418349273822175 0.05132317562149158 0.07474318101310662
0 0.2904971932638332 0.3331562167906483 0.2185244587008821 0.2738221749911442
0 0.7383720930232558 0.34502302515054906 0.15196471531676023 0.24583776124690046
0 0.3115477145148356 0.35866099893730075 0.04570970328789094 0.0549061282323769
0 0.25461106655974336 0.7966702089975204 0.12991178829190056 0.07793127878143818
0 0.2955092221331195 0.25770456960680127 0.19647153167602247 0.2639036486007793
0 0.7285485164394547 0.3528161530286929 0.20769847634322375 0.3648600779312788
0 0.25461106655974336 0.7966702089975204 0.12991178829190056 0.07793127878143818
0 0.5210505212510024 0.803931987247609 0.4574979951884523 0.17463691108749557
0 0.11507618283881316 0.8418349273822175 0.05132317562149158 0.07474318101310662
