0 0.26037735849056604 0.48552052785923755 0.3379454926624738 0.6088709677419355
0 0.310062893081761 0.2652126099706745 0.15052410901467506 0.10740469208211144
0 0.7322851153039832 0.4928519061583578 0.34255765199161425 0.6433284457478006
0 0.2469601677148847 0.35795454545454547 0.09559748427672957 0.06488269794721407
0 0.740461215932914 0.31066715542521994 0.14088050314465408 0.14186217008797655
0 0.29643605870020967 0.2155425219941349 0.034381551362683435 0.024926686217008796
0 0.2507337526205451 0.4627932551319648 0.36058700209643607 0.6279325513196481
0 0.7440251572327043 0.3004032258064516 0.12033542976939203 0.09347507331378299
0 0.3683438155136268 0.42265395894428154 0.03731656184486373 0.02932551319648094
0 0.2943396226415094 0.16642228739002932 0.16268343815513628 0.053519061583577714
0 0.5167714884696016 0.38269794721407624 0.24779874213836478 0.23020527859237536
