0 0.049479166666666664 0.3079861111111111 0.09114583333333333 0.23333333333333334
0 0.1558159722222222 0.6555555555555556 0.265625 0.17083333333333334
0 0.51171875 0.3717013888888889 0.12239583333333333 0.13229166666666667
0 0.2606336805555556 0.25277777777777777 0.23307291666666666 0.09930555555555555
0 0.208984375 0.6284722222222222 0.3424479166666667 0.20972222222222223
0 0.33203125 0.4703125 0.08940972222222222 0.07673611111111112
0 0.208984375 0.6284722222222222 0.3424479166666667 0.20972222222222223
0 0.134765625 0.33645833333333336 0.0802951388888889 0.11944444444444445
0 0.2094184027777778 0.2690972222222222 0.13151041666666666 0.08333333333333333
0 0.6026475694444444 0.18836805555555555 0.08289930555555555 0.01840277777777778
0 0.21614583333333334 0.6840277777777778 0.328125 0.12708333333333333
0 0.2243923611111111 0.32586805555555554 0.3081597222222222 0.3072916666666667
0 0.2762586805555556 0.21510416666666668 0.22960069444444445 0.060069444444444446
