0 0.293218085106383 0.23351990049751245 0.212322695035461 0.18407960199004975
0 0.2712765957446808 0.34421641791044777 0.11170212765957446 0.046019900497512436
0 0.774822695035461 0.7384950248756219 0.0549645390070922 0.03980099502487562
0 0.25132978723404253 0.29990671641791045 0.2907801418439716 0.1700870646766169
0 0.7712765957446809 0.7369402985074627 0.047872340425531915 0.04291044776119403
0 0.5219414893617021 0.6806592039800995 0.4605496453900709 0.1927860696517413
0 0.11768617021276596 0.8128109452736318 0.05895390070921986 0.07773631840796019
0 0.5733599290780141 0.30970149253731344 0.1351950354609929 0.10199004975124377
0 0.11768617021276596 0.8128109452736318 0.05895390070921986 0.07773631840796019
0 0.15780141843971632 0.36302860696517414 0.11524822695035461 0.05068407960199005
