0 0.4195666447800394 0.44292840375586856 0.09783322390019698 0.14583333333333334
0 0.860472751149048 0.7607100938967136 0.04727511490479317 0.08421361502347417
0 0.20485883125410373 0.6449530516431925 0.09455022980958634 0.07863849765258216
0 0.1062048588312541 0.9244424882629108 0.05679579776756402 0.13703051643192488
0 0.29300722258699935 0.1471537558685446 0.1428102429415627 0.14994131455399062
0 0.07419566644780039 0.619424882629108 0.1437951411687459 0.7288732394366197
0 0.6746552856204859 0.08392018779342723 0.13263296126066973 0.13732394366197184
0 0.2565659881812213 0.3840962441314554 0.3128693368351937 0.198943661971831
0 0.8668745896257387 0.7699530516431925 0.03512803676953381 0.06044600938967136
0 0.20485883125410373 0.6449530516431925 0.09455022980958634 0.07863849765258216
0 0.35784635587655944 0.346537558685446 0.29612606697307947 0.375
0 0.2711753118844386 0.514231220657277 0.1490479317137229 0.1317488262910798
0 0.5937294812869337 0.34903169014084506 0.10735390676296783 0.09653755868544601
0 0.5625410374261326 0.6307218309859155 0.35423506237688773 0.17576291079812206
