0 0.7238372093023255 0.24531653746770027 0.04941860465116279 0.04102067183462532
0 0.31468023255813954 0.3179909560723514 0.18313953488372092 0.08365633074935401
0 0.7570857558139535 0.18685400516795866 0.11882267441860465 0.07784237726098191
0 0.848655523255814 0.40988372093023256 0.04760174418604651 0.06330749354005168
0 0.31140988372093026 0.2532299741602067 0.28488372093023256 0.17248062015503876
0 0.7808866279069767 0.34431524547803616 0.04796511627906977 0.0562015503875969
0 0.6996729651162791 0.24838501291989665 0.08829941860465117 0.08333333333333333
0 0.6996729651162791 0.24838501291989665 0.08829941860465117 0.08333333333333333
0 0.6720566860465116 0.2365956072351421 0.022892441860465115 0.044896640826873384
0 0.5801235465116279 0.3767764857881137 0.1355377906976744 0.15988372093023256
0 0.7223837209302325 0.24531653746770027 0.046511627906976744 0.03456072351421188
0 0.29578488372093026 0.2378875968992248 0.2565406976744186 0.09334625322997415
0 0.31468023255813954 0.3179909560723514 0.18313953488372092 0.08365633074935401
