0 0.594488188976378 0.49267578125 0.40078740157480314 0.12532552083333334
0 0.1856299212598425 0.5909830729166666 0.046850393700787404 0.047200520833333336
0 0.5665354330708662 0.21614583333333334 0.07480314960629922 0.048828125
0 0.7669291338582677 0.3650716145833333 0.1968503937007874 0.3408203125
0 0.2840551181102362 0.3289388020833333 0.19173228346456692 0.4345703125
0 0.7255905511811024 0.3699544270833333 0.25984251968503935 0.2939453125
0 0.31811023622047246 0.39892578125 0.231496062992126 0.2867838541666667
0 0.7669291338582677 0.3650716145833333 0.1968503937007874 0.3408203125
0 0.1824803149606299 0.5947265625 0.0578740157480315 0.031901041666666664
0 0.3860236220472441 0.095703125 0.11771653543307087 0.024088541666666668
0 0.31811023622047246 0.39892578125 0.231496062992126 0.2867838541666667
0 0.7669291338582677 0.3650716145833333 0.1968503937007874 0.3408203125
0 0.2840551181102362 0.3289388020833333 0.19173228346456692 0.4345703125
0 0.6433070866141732 0.09684244791666667 0.09685039370078741 0.0322265625
