0 0.8145380434782609 0.6240699404761905 0.18432971014492755 0.5837053571428571
0 0.38813405797101447 0.359375 0.24728260869565216 0.18898809523809523
0 0.4146286231884058 0.5563616071428571 0.17527173913043478 0.19159226190476192
0 0.32472826086956524 0.5174851190476191 0.2807971014492754 0.23139880952380953
0 0.2932518115942029 0.5485491071428571 0.416213768115942 0.5643601190476191
0 0.8145380434782609 0.6240699404761905 0.18432971014492755 0.5837053571428571
0 0.38813405797101447 0.359375 0.24728260869565216 0.18898809523809523
0 0.4146286231884058 0.5563616071428571 0.17527173913043478 0.19159226190476192
0 0.384963768115942 0.30282738095238093 0.2536231884057971 0.10788690476190477
0 0.7989130434782609 0.6238839285714286 0.22010869565217392 0.6160714285714286
