0 0.8068691750086296 0.4597532314923619 0.19848118743527787 0.3490011750881316
0 0.412150500517777 0.30669800235017625 0.12840869865377977 0.22737955346650998
0 0.2640662754573697 0.49162749706227965 0.09458060062133242 0.10898942420681551
0 0.9000690369347601 0.7287015276145711 0.11425612702795995 0.1401292596944771
0 0.18001380738695202 0.5033783783783784 0.11011391094235416 0.36574618096357225
0 0.3056610286503279 0.47928907168037604 0.1729375215740421 0.404524089306698
0 0.9000690369347601 0.7287015276145711 0.11425612702795995 0.1401292596944771
0 0.25595443562305836 0.5223266745005876 0.25716258198136005 0.6698002350176263
0 0.15930272695892303 0.7501468860164512 0.09699689333793579 0.12015276145710928
0 0.2388677942699344 0.4709165687426557 0.22782188470831896 0.5105757931844889
0 0.19761822575077667 0.4167156286721504 0.03831549879185364 0.0655111633372503
0 0.27235070762858127 0.491186839012926 0.20573006558508802 0.4406580493537015
0 0.8068691750086296 0.4597532314923619 0.19848118743527787 0.3490011750881316
0 0.7153952364515016 0.20329024676850763 0.2474974111149465 0.09518213866039953
0 0.8068691750086296 0.4597532314923619 0.19848118743527787 0.3490011750881316
0 0.15930272695892303 0.7501468860164512 0.09699689333793579 0.12015276145710928
0 0.25267518122195376 0.49192126909518213 0.12426648256817398 0.10487661574618096
0 0.6089057645840524 0.6486486486486487 0.44390749050742145 0.21680376028202114
0 0.6320331377286849 0.33225616921269097 0.1256472212633759 0.14218566392479437
0 0.3056610286503279 0.47928907168037604 0.1729375215740421 0.404524089306698
