0 0.32553265805099546 0.5198981216173193 0.16206776108976598 0.43107290671760584
0 0.7558505064617534 0.6023559375994906 0.21865176388403773 0.3272843043616683
0 0.7558505064617534 0.6023559375994906 0.21865176388403773 0.3272843043616683
0 0.22354173943415998 0.47532632919452406 0.17254628012574222 0.5183062718879338
0 0.6653859587844918 0.20582617000955108 0.11945511701012923 0.027698185291308502
0 0.16381418092909536 0.7378223495702005 0.04261264407963675 0.057624960203756764
0 0.32553265805099546 0.5198981216173193 0.16206776108976598 0.43107290671760584
0 0.3721620677610898 0.27204711875198984 0.023402025847013622 0.03852276345113021
0 0.16381418092909536 0.7378223495702005 0.04261264407963675 0.057624960203756764
0 0.2617883339154733 0.7733205985354983 0.25602514844568636 0.08150270614453996
0 0.32553265805099546 0.6287806431072906 0.14739783443939924 0.20312002546959568
