0 0.5497226624405706 0.3084130019120459 0.1089540412044374 0.12810707456978968
0 0.6620443740095087 0.20325047801147228 0.09429477020602219 0.11281070745697896
0 0.5919175911251982 0.1367112810707457 0.11806656101426308 0.030975143403441683
0 0.7521790808240888 0.2395793499043977 0.04318541996830428 0.030975143403441683
0 0.7737717908082409 0.32103250478011475 0.03724247226624406 0.036328871892925434
0 0.7357369255150554 0.19579349904397705 0.020602218700475437 0.020650095602294454
0 0.7698098256735341 0.3177820267686424 0.044374009508716325 0.03977055449330784
0 0.7618858954041204 0.26290630975143403 0.07210776545166403 0.1594646271510516
0 0.7549524564183835 0.24952198852772467 0.031299524564183834 0.04397705544933078
0 0.3145800316957211 0.1688336520076482 0.01901743264659271 0.0745697896749522
0 0.7357369255150554 0.19579349904397705 0.020602218700475437 0.020650095602294454
0 0.7521790808240888 0.2395793499043977 0.04318541996830428 0.030975143403441683
0 0.7737717908082409 0.32103250478011475 0.03724247226624406 0.036328871892925434
0 0.6757131537242472 0.16309751434034417 0.20641838351822503 0.10363288718929255
