0 0.5503472222222222 0.33975694444444443 0.12065972222222222 0.10034722222222223
0 0.3276909722222222 0.42604166666666665 0.08159722222222222 0.14027777777777778
0 0.1525607638888889 0.6418402777777777 0.061197916666666664 0.043402777777777776
0 0.2406684027777778 0.6291666666666667 0.062065972222222224 0.03888888888888889
0 0.21549479166666666 0.3524305555555556 0.04904513888888889 0.04236111111111111
0 0.2029079861111111 0.5248263888888889 0.2556423611111111 0.36006944444444444
0 0.1890190972222222 0.603125 0.04904513888888889 0.03263888888888889
0 0.638671875 0.40729166666666666 0.04296875 0.041666666666666664
0 0.197265625 0.4717013888888889 0.07161458333333333 0.04756944444444444
0 0.2513020833333333 0.5529513888888888 0.046875 0.03993055555555555
0 0.15907118055555555 0.540625 0.04991319444444445 0.035416666666666666
0 0.6121961805555556 0.32222222222222224 0.11588541666666667 0.09583333333333334
0 0.16666666666666666 0.4125 0.04079861111111111 0.02847222222222222
0 0.26953125 0.4059027777777778 0.04079861111111111 0.041666666666666664
0 0.1189236111111111 0.5977430555555555 0.046875 0.030208333333333334
0 0.7400173611111112 0.39791666666666664 0.036458333333333336 0.03680555555555556
0 0.7610677083333334 0.34774305555555557 0.030815972222222224 0.033680555555555554
0 0.7634548611111112 0.6295138888888889 0.03298611111111111 0.03194444444444444
0 0.7632378472222222 0.4779513888888889 0.13151041666666666 0.3697916666666667
