0 0.7502626050420168 0.337203557312253 0.22321428571428573 0.3868577075098814
0 0.774422268907563 0.29446640316205536 0.17699579831932774 0.3092885375494071
0 0.6147584033613446 0.19441699604743082 0.13602941176470587 0.20405138339920947
0 0.16544117647058823 0.7890316205533597 0.07773109243697479 0.08794466403162056
0 0.6147584033613446 0.19441699604743082 0.13602941176470587 0.20405138339920947
0 0.33744747899159666 0.19540513833992096 0.1801470588235294 0.183300395256917
0 0.6465336134453782 0.14204545454545456 0.19957983193277312 0.12697628458498023
0 0.3180147058823529 0.1956521739130435 0.1486344537815126 0.20059288537549408
0 0.8442752100840336 0.6996047430830039 0.03939075630252101 0.06818181818181818
0 0.7502626050420168 0.337203557312253 0.22321428571428573 0.3868577075098814
0 0.16517857142857142 0.7640810276679841 0.07615546218487394 0.07065217391304347
0 0.8395483193277311 0.7139328063241107 0.06565126050420168 0.08399209486166008
0 0.3243172268907563 0.18379446640316205 0.1717436974789916 0.20553359683794467
