0 0.7362918215613383 0.587875939849624 0.12871747211895912 0.1287593984962406
0 0.5934014869888475 0.35949248120300753 0.10315985130111524 0.12030075187969924
0 0.679135687732342 0.48989661654135336 0.06923791821561338 0.06907894736842106
0 0.7430297397769516 0.5209116541353384 0.15613382899628253 0.23637218045112782
0 0.2662639405204461 0.5963345864661654 0.16356877323420074 0.143796992481203
0 0.7116635687732342 0.4680451127819549 0.15288104089219332 0.1193609022556391
0 0.7307156133828996 0.6226503759398496 0.10734200743494424 0.08270676691729323
0 0.24721189591078066 0.5326597744360902 0.20353159851301114 0.30028195488721804
0 0.49697955390334575 0.6383928571428571 0.3350371747211896 0.15460526315789475
0 0.24721189591078066 0.5326597744360902 0.20353159851301114 0.30028195488721804
0 0.7929832713754646 0.6738721804511278 0.08131970260223048 0.09586466165413533
0 0.7523234200743495 0.44642857142857145 0.062267657992565055 0.05451127819548872
0 0.24721189591078066 0.5326597744360902 0.20353159851301114 0.30028195488721804
