0 0.9058823529411765 0.6848515181848516 0.07647058823529412 0.10176843510176843
0 0.6294117647058823 0.42042042042042044 0.13109243697478992 0.15215215215215216
0 0.6602941176470588 0.7614280947614281 0.47436974789915964 0.08274941608274941
0 0.8 0.5046713380046713 0.17142857142857143 0.20987654320987653
0 0.8 0.5046713380046713 0.17142857142857143 0.20987654320987653
0 0.7388655462184874 0.5211878545211879 0.13403361344537815 0.1688355021688355
0 0.38718487394957984 0.1389723056389723 0.16596638655462184 0.02769436102769436
0 0.6964285714285714 0.160326993660327 0.1323529411764706 0.04237570904237571
0 0.7151260504201681 0.34801468134801467 0.037815126050420166 0.05205205205205205
0 0.890126050420168 0.5083416750083417 0.061764705882352944 0.01768435101768435
0 0.3042016806722689 0.684351017684351 0.253781512605042 0.04337671004337671
