0 0.4034711388455538 0.11446957878315132 0.11895475819032761 0.040171606864274574
0 0.5976989079563183 0.6704368174726989 0.46060842433697347 0.1684867394695788
0 0.2874414976599064 0.4483229329173167 0.0421216848673947 0.038611544461778474
0 0.2960218408736349 0.5360764430577223 0.028861154446177848 0.015210608424336974
0 0.30635725429017163 0.3631045241809672 0.02535101404056162 0.02262090483619345
0 0.828003120124805 0.5136505460218409 0.041341653666146644 0.041341653666146644
0 0.3369734789391576 0.6195397815912637 0.0249609984399376 0.03003120124804992
0 0.21762870514820593 0.531396255850234 0.029641185647425898 0.033931357254290175
0 0.7829563182527302 0.5602574102964119 0.038611544461778474 0.04095163806552262
0 0.890210608424337 0.7425897035881436 0.019890795631825272 0.02418096723868955
0 0.30206708268330734 0.20826833073322934 0.02769110764430577 0.028861154446177848
0 0.8235179407176287 0.6056942277691107 0.02847113884555382 0.02262090483619345
0 0.641965678627145 0.2786661466458658 0.12090483619344773 0.11661466458658347
0 0.21509360374414976 0.7043681747269891 0.02535101404056162 0.0234009360374415
