0 0.19639756944444445 0.36909722222222224 0.2547743055555556 0.24861111111111112
0 0.466796875 0.37725694444444446 0.10980902777777778 0.10729166666666666
0 0.2586805555555556 0.4125 0.11805555555555555 0.05347222222222222
0 0.040581597222222224 0.7013888888888888 0.055989583333333336 0.06111111111111111
0 0.4800347222222222 0.6133680555555555 0.3949652777777778 0.11215277777777778
0 0.14908854166666666 0.46076388888888886 0.10026041666666667 0.029166666666666667
0 0.1948784722222222 0.4734375 0.0703125 0.06284722222222222
0 0.08246527777777778 0.43993055555555555 0.05381944444444445 0.04722222222222222
0 0.2183159722222222 0.234375 0.0546875 0.020833333333333332
0 0.189453125 0.47152777777777777 0.06380208333333333 0.05694444444444444
0 0.2586805555555556 0.4125 0.11805555555555555 0.05347222222222222
0 0.040581597222222224 0.7013888888888888 0.055989583333333336 0.06111111111111111
0 0.2211371527777778 0.4005208333333333 0.05164930555555555 0.036458333333333336
0 0.2211371527777778 0.4005208333333333 0.05164930555555555 0.036458333333333336
