0 0.68798828125 0.50732421875 0.2236328125 0.3909505208333333
0 0.28173828125 0.4754231770833333 0.2965494791666667 0.4326171875
0 0.2911783854166667 0.4423828125 0.2718098958333333 0.4381510416666667
0 0.68798828125 0.50732421875 0.2236328125 0.3909505208333333
0 0.349609375 0.2669270833333333 0.14583333333333334 0.14908854166666666
0 0.6722005208333334 0.5227864583333334 0.2578125 0.4069010416666667
0 0.6700846354166666 0.3191731770833333 0.1513671875 0.1591796875
0 0.68798828125 0.50732421875 0.2236328125 0.3909505208333333
0 0.28173828125 0.4754231770833333 0.2965494791666667 0.4326171875
0 0.3243815104166667 0.1962890625 0.08951822916666667 0.048177083333333336
0 0.5595703125 0.3229166666666667 0.11002604166666667 0.12760416666666666
0 0.28173828125 0.4754231770833333 0.2965494791666667 0.4326171875
