0 0.7482638888888888 0.4019097222222222 0.2170138888888889 0.47118055555555555
0 0.20399305555555555 0.6489583333333333 0.03211805555555555 0.03333333333333333
0 0.318359375 0.26371527777777776 0.1506076388888889 0.21493055555555557
0 0.3031684027777778 0.38645833333333335 0.24869791666666666 0.46111111111111114
0 0.7482638888888888 0.4019097222222222 0.2170138888888889 0.47118055555555555
0 0.2901475694444444 0.42413194444444446 0.21744791666666666 0.28020833333333334
0 0.20789930555555555 0.5696180555555556 0.078125 0.09965277777777778
0 0.2901475694444444 0.42413194444444446 0.21744791666666666 0.28020833333333334
0 0.5453559027777778 0.278125 0.1271701388888889 0.10625
0 0.2881944444444444 0.32534722222222223 0.125 0.04027777777777778
0 0.7096354166666666 0.3939236111111111 0.3177083333333333 0.5114583333333333
0 0.20399305555555555 0.6489583333333333 0.03211805555555555 0.03333333333333333
