0 0.26105898123324395 0.5419734904270986 0.0596514745308311 0.03829160530191458
0 0.26156166219839144 0.5397643593519882 0.05596514745308311 0.03858615611192931
0 0.26105898123324395 0.5419734904270986 0.0596514745308311 0.03829160530191458
0 0.38220509383378015 0.22135493372606774 0.06735924932975872 0.0438880706921944
0 0.9049932975871313 0.8631811487481591 0.06735924932975872 0.06215022091310751
0 0.2386058981233244 0.43431516936671577 0.23793565683646112 0.1293078055964654
0 0.3362935656836461 0.32002945508100145 0.1156166219839142 0.22179675994108983
0 0.9049932975871313 0.8631811487481591 0.06735924932975872 0.06215022091310751
0 0.7714477211796247 0.7888070692194403 0.10656836461126006 0.07128129602356406
0 0.3535522788203753 0.7602356406480117 0.06032171581769437 0.03829160530191458
0 0.26156166219839144 0.5397643593519882 0.05596514745308311 0.03858615611192931
