0 0.566650390625 0.2288 0.10302734375 0.0856
0 0.14306640625 0.6826 0.0419921875 0.0492
0 0.852783203125 0.6138 0.05126953125 0.0684
0 0.287353515625 0.399 0.28173828125 0.4116
0 0.261962890625 0.3848 0.21240234375 0.4784
0 0.14306640625 0.6826 0.0419921875 0.0492
0 0.75927734375 0.4708 0.1640625 0.2288
0 0.347412109375 0.0556 0.06787109375 0.0192
0 0.75927734375 0.4708 0.1640625 0.2288
0 0.25634765625 0.4344 0.1240234375 0.036
0 0.779296875 0.3908 0.0927734375 0.068
0 0.604736328125 0.2236 0.01123046875 0.0552
0 0.261962890625 0.3848 0.21240234375 0.4784
0 0.7314453125 0.4686 0.111328125 0.0492
0 0.725830078125 0.4146 0.22607421875 0.3308
0 0.852783203125 0.6138 0.05126953125 0.0684
