0 0.8095055576849367 0.33778397768035073 0.08125718666155615 0.14866480669589477
0 0.282292065925642 0.595257074531686 0.09620544269835186 0.11040255081705859
0 0.15254886929858183 0.5159426066161817 0.06132617861249521 0.16221602231964927
0 0.8095055576849367 0.33778397768035073 0.08125718666155615 0.14866480669589477
0 0.18397853583748563 0.7951375049820646 0.09045611345343044 0.07333599043443603
0 0.15254886929858183 0.5159426066161817 0.06132617861249521 0.16221602231964927
0 0.8405519356075124 0.5737345555998405 0.026830203142966653 0.022718214428058988
0 0.23054810272134918 0.46512554802710243 0.04407819087773093 0.0693503387803906
0 0.5843234955921809 0.33579115185332803 0.11766960521272518 0.12634515743324035
0 0.628976619394404 0.7455161418891989 0.4285166730548103 0.1422877640494221
0 0.28286699885013417 0.5906735751295337 0.09888846301264853 0.12275807094459944
0 0.26312763510923726 0.6225587883618972 0.06860866232272901 0.046233559186927065
0 0.18129551552318895 0.7973296133917895 0.09275584515139901 0.0785173375846951
