0 0.7625198728139905 0.27058823529411763 0.06160572337042925 0.07712418300653595
0 0.3535373608903021 0.21895424836601307 0.07988871224165342 0.10392156862745099
0 0.6826311605723371 0.2826797385620915 0.046502384737678856 0.043137254901960784
0 0.38573131955484896 0.1803921568627451 0.16017488076311606 0.16797385620915034
0 0.651033386327504 0.2045751633986928 0.17965023847376788 0.1411764705882353
0 0.7986883942766295 0.7040849673202615 0.031399046104928455 0.023202614379084968
0 0.5852543720190779 0.34509803921568627 0.15302066772655007 0.1627450980392157
0 0.8000794912559619 0.7021241830065359 0.028616852146263912 0.02712418300653595
0 0.3628775834658188 0.16633986928104574 0.21542130365659778 0.08496732026143791
0 0.7951112877583466 0.29444444444444445 0.037758346581876 0.028104575163398694
