0 0.19482421875 0.6131184895833334 0.0146484375 0.0244140625
0 0.21126302083333334 0.6638997395833334 0.014322916666666666 0.021809895833333332
0 0.7001953125 0.06201171875 0.09635416666666667 0.033528645833333336
0 0.39111328125 0.054524739583333336 0.11490885416666667 0.0419921875
0 0.19482421875 0.6126302083333334 0.017252604166666668 0.020833333333333332
0 0.21077473958333334 0.6637369791666666 0.0146484375 0.015625
0 0.32373046875 0.5078125 0.21256510416666666 0.3196614583333333
0 0.583984375 0.23209635416666666 0.080078125 0.076171875
0 0.6881510416666666 0.21028645833333334 0.052734375 0.12630208333333334
0 0.7771809895833334 0.5237630208333334 0.19954427083333334 0.3502604166666667
0 0.7822265625 0.58447265625 0.09895833333333333 0.1748046875
