0 0.7242125984251968 0.28125 0.30118110236220474 0.35546875
0 0.12933070866141733 0.6809895833333334 0.06181102362204725 0.07291666666666667
0 0.2188976377952756 0.39794921875 0.2188976377952756 0.3655598958333333
0 0.7291338582677165 0.2833658854166667 0.2921259842519685 0.3577473958333333
0 0.7242125984251968 0.28125 0.30118110236220474 0.35546875
0 0.21122047244094488 0.421875 0.17283464566929133 0.3307291666666667
0 0.8348425196850394 0.6490885416666666 0.12401574803149606 0.16471354166666666
0 0.12933070866141733 0.6809895833333334 0.06181102362204725 0.07291666666666667
0 0.7291338582677165 0.2833658854166667 0.2921259842519685 0.3577473958333333
0 0.2188976377952756 0.39794921875 0.2188976377952756 0.3655598958333333
0 0.7883858267716536 0.6502278645833334 0.2200787401574803 0.2666015625
