0 0.7593537414965986 0.3512853888708103 0.022789115646258504 0.030914415880247317
0 0.7719387755102041 0.3057273023104458 0.02619047619047619 0.021802798568174422
0 0.2532312925170068 0.3037748128864302 0.020068027210884354 0.019199479336153596
0 0.7384353741496599 0.2948259030263586 0.02585034013605442 0.015619915392124959
0 0.24353741496598638 0.43914741295151316 0.03333333333333333 0.032216075496257726
0 0.7938775510204081 0.39684347543117476 0.02040816326530612 0.017246989912137977
0 0.825 0.6919947933615359 0.013265306122448979 0.013342011064106736
0 0.7722789115646258 0.5766352098926131 0.013945578231292517 0.01757240481614058
0 0.795578231292517 0.7705824926781647 0.009523809523809525 0.009762447120078099
0 0.6146258503401361 0.1475756589651806 0.13877551020408163 0.04002603319232021
0 0.5481292517006803 0.35063455906280505 0.11734693877551021 0.10120403514480963
0 0.2336734693877551 0.4355678490074845 0.023809523809523808 0.030914415880247317
0 0.37482993197278913 0.15750081353726 0.07891156462585033 0.03514480963228116
0 0.2870748299319728 0.3315977871786528 0.018367346938775512 0.018223234624145785
