0 0.31043307086614175 0.4363606770833333 0.23818897637795275 0.2581380208333333
0 0.19744094488188976 0.5675455729166666 0.12401574803149606 0.058268229166666664
0 0.562007874015748 0.4952799479166667 0.45236220472440947 0.10319010416666667
0 0.5486220472440945 0.2503255208333333 0.09488188976377952 0.10221354166666667
0 0.8303149606299213 0.5611979166666666 0.08110236220472442 0.08203125
0 0.1984251968503937 0.5852864583333334 0.04409448818897638 0.052734375
0 0.7458661417322835 0.4873046875 0.17834645669291338 0.13736979166666666
0 0.30236220472440944 0.4326171875 0.24488188976377953 0.3059895833333333
0 0.7458661417322835 0.4873046875 0.17834645669291338 0.13736979166666666
0 0.8303149606299213 0.5611979166666666 0.08110236220472442 0.08203125
0 0.19625984251968503 0.580078125 0.06968503937007874 0.061848958333333336
