0 0.575 0.6486002604166666 0.4799212598425197 0.1142578125
0 0.8566929133858268 0.73291015625 0.03385826771653543 0.037434895833333336
0 0.13700787401574804 0.7203776041666666 0.1015748031496063 0.11393229166666667
0 0.1403543307086614 0.73388671875 0.04921259842519685 0.0458984375
0 0.8566929133858268 0.73291015625 0.03385826771653543 0.037434895833333336
0 0.13700787401574804 0.7203776041666666 0.1015748031496063 0.11393229166666667
0 0.1403543307086614 0.73388671875 0.04921259842519685 0.0458984375
0 0.8007874015748031 0.6778971354166666 0.01968503937007874 0.015299479166666666
0 0.5858267716535434 0.3426106770833333 0.11653543307086614 0.13118489583333334
0 0.8531496062992125 0.6892903645833334 0.011811023622047244 0.0126953125
