0 0.513671875 0.3666 0.1435546875 0.1388
0 0.255615234375 0.3522 0.22900390625 0.2796
0 0.4150390625 0.3104 0.1240234375 0.2856
0 0.255615234375 0.3522 0.22900390625 0.2796
0 0.15576171875 0.7922 0.0439453125 0.042
0 0.16064453125 0.7806 0.0400390625 0.0796
0 0.2958984375 0.348 0.0224609375 0.0192
0 0.5703125 0.708 0.033203125 0.04
0 0.2900390625 0.2326 0.1357421875 0.0828
0 0.56103515625 0.6298 0.029296875 0.0268
0 0.282958984375 0.2256 0.13037109375 0.056
0 0.510986328125 0.3854 0.01806640625 0.014
0 0.634765625 0.302 0.20703125 0.1728
0 0.483642578125 0.39 0.02099609375 0.02
0 0.2529296875 0.6102 0.0986328125 0.1732
0 0.260986328125 0.3772 0.19384765625 0.232
