0 0.2345920138888889 0.6467013888888888 0.3355034722222222 0.1954861111111111
0 0.08897569444444445 0.6973958333333333 0.028645833333333332 0.050347222222222224
0 0.3016493055555556 0.35208333333333336 0.10069444444444445 0.07152777777777777
0 0.298828125 0.23472222222222222 0.2643229166666667 0.12361111111111112
0 0.3016493055555556 0.35208333333333336 0.10069444444444445 0.07152777777777777
0 0.08897569444444445 0.6973958333333333 0.028645833333333332 0.050347222222222224
0 0.2345920138888889 0.6467013888888888 0.3355034722222222 0.1954861111111111
0 0.20399305555555555 0.6413194444444444 0.13368055555555555 0.05277777777777778
0 0.3179253472222222 0.3546875 0.08723958333333333 0.05173611111111111
0 0.2124565972222222 0.5059027777777778 0.11848958333333333 0.06388888888888888
0 0.5540364583333334 0.21006944444444445 0.029947916666666668 0.029861111111111113
