0 0.19074803149606298 0.5338541666666666 0.08307086614173229 0.2669270833333333
0 0.29429133858267714 0.4484049479166667 0.2767716535433071 0.4527994791666667
0 0.3641732283464567 0.19873046875 0.01732283464566929 0.025716145833333332
0 0.284251968503937 0.4261067708333333 0.2921259842519685 0.4654947916666667
0 0.13267716535433072 0.6935221354166666 0.07086614173228346 0.08756510416666667
0 0.29153543307086616 0.56787109375 0.07362204724409449 0.0732421875
0 0.33267716535433073 0.62255859375 0.12755905511811025 0.060221354166666664
0 0.30866141732283464 0.4192708333333333 0.11338582677165354 0.13411458333333334
0 0.284251968503937 0.4261067708333333 0.2921259842519685 0.4654947916666667
0 0.2909448818897638 0.4104817708333333 0.35826771653543305 0.5071614583333334
0 0.29429133858267714 0.4484049479166667 0.2767716535433071 0.4527994791666667
0 0.13267716535433072 0.6935221354166666 0.07086614173228346 0.08756510416666667
0 0.6090551181102363 0.341796875 0.10551181102362205 0.08268229166666667
0 0.19074803149606298 0.5338541666666666 0.08307086614173229 0.2669270833333333
