0 0.7923151750972762 0.7384259259259259 0.04961089494163424 0.05401234567901234
0 0.383511673151751 0.46585648148148145 0.1259727626459144 0.43171296296296297
0 0.7923151750972762 0.7384259259259259 0.04961089494163424 0.05401234567901234
0 0.4406614785992218 0.6460262345679012 0.18968871595330739 0.3630401234567901
0 0.1568579766536965 0.8254243827160493 0.06663424124513619 0.050540123456790126
0 0.5184824902723736 0.6838348765432098 0.3959143968871595 0.16319444444444445
0 0.1568579766536965 0.8254243827160493 0.06663424124513619 0.050540123456790126
0 0.49440661478599224 0.2924382716049383 0.10165369649805447 0.07947530864197531
0 0.22811284046692606 0.14776234567901234 0.10116731517509728 0.05246913580246913
0 0.6211089494163424 0.1417824074074074 0.10797665369649806 0.04513888888888889
