0 0.299812030075188 0.39107653223245475 0.29736842105263156 0.28421721181327403
0 0.33383458646616543 0.7283264528421721 0.08421052631578947 0.13813909177516673
0 0.5674812030075188 0.3732931089234678 0.12368421052631579 0.110828834550651
0 0.8046992481203008 0.3450301683073992 0.018421052631578946 0.025722451571927596
0 0.29342105263157897 0.7615115909812639 0.1424812030075188 0.10860590663702763
0 0.7842105263157895 0.5328675770085741 0.22406015037593985 0.21848205779612576
0 0.3287593984962406 0.224198158145443 0.30488721804511276 0.11051127342013338
0 0.8144736842105263 0.5147665925690695 0.16578947368421051 0.2489679263258177
0 0.3287593984962406 0.224198158145443 0.30488721804511276 0.11051127342013338
0 0.6221804511278195 0.23086694188631313 0.10676691729323308 0.05462051444903144
