0 0.3553059895833333 0.21940104166666666 0.13313802083333334 0.146484375
0 0.3513997395833333 0.3019205729166667 0.15983072916666666 0.2099609375
0 0.3693033854166667 0.3626302083333333 0.13444010416666666 0.053385416666666664
0 0.6922200520833334 0.4451497395833333 0.16243489583333334 0.5081380208333334
0 0.7566731770833334 0.7184244791666666 0.045247395833333336 0.050130208333333336
0 0.7566731770833334 0.7184244791666666 0.045247395833333336 0.050130208333333336
0 0.27880859375 0.3444010416666667 0.0537109375 0.158203125
0 0.6484375 0.16438802083333334 0.11393229166666667 0.042317708333333336
0 0.3995768229166667 0.15983072916666666 0.11751302083333333 0.09895833333333333
0 0.3693033854166667 0.3626302083333333 0.13444010416666666 0.053385416666666664
0 0.3699544270833333 0.2911783854166667 0.2197265625 0.3336588541666667
0 0.7060546875 0.3346354166666667 0.08984375 0.20052083333333334
0 0.3614908854166667 0.5289713541666666 0.2255859375 0.2766927083333333
