0 0.7599826388888888 0.2652777777777778 0.14583333333333334 0.15486111111111112
0 0.14930555555555555 0.3848958333333333 0.07118055555555555 0.02048611111111111
0 0.2439236111111111 0.24635416666666668 0.34375 0.259375
0 0.7599826388888888 0.2652777777777778 0.14583333333333334 0.15486111111111112
0 0.7645399305555556 0.24965277777777778 0.11328125 0.09930555555555555
0 0.17274305555555555 0.3246527777777778 0.1449652777777778 0.02013888888888889
0 0.2109375 0.46076388888888886 0.21180555555555555 0.1375
0 0.2786458333333333 0.4326388888888889 0.2465277777777778 0.2513888888888889
0 0.2445746527777778 0.2638888888888889 0.3363715277777778 0.33819444444444446
0 0.2439236111111111 0.24635416666666668 0.34375 0.259375
0 0.7845052083333334 0.49461805555555555 0.2035590277777778 0.159375
0 0.1538628472222222 0.4935763888888889 0.22352430555555555 0.22465277777777778
