0 0.874465811965812 0.40111940298507465 0.13354700854700854 0.6068521031207599
0 0.09045584045584046 0.5295115332428765 0.12606837606837606 0.7381275440976933
0 0.21545584045584046 0.148236092265943 0.09401709401709402 0.09362279511533243
0 0.7286324786324786 0.062075983717774764 0.30484330484330485 0.12008141112618724
0 0.6937321937321937 0.32649253731343286 0.23646723646723647 0.3585481682496608
0 0.6825142450142451 0.566146540027137 0.2467948717948718 0.13297150610583447
0 0.6148504273504274 0.3575305291723202 0.19764957264957264 0.30529172320217096
0 0.4309116809116809 0.5361261872455902 0.35826210826210825 0.22082767978290366
0 0.5033831908831908 0.06919945725915876 0.4519230769230769 0.07869742198100407
0 0.3559472934472934 0.045454545454545456 0.17556980056980057 0.08683853459972862
0 0.35167378917378916 0.5123812754409769 0.20405982905982906 0.25203527815468113
