0 0.4391634980988593 0.17002928734136025 0.07452471482889733 0.01659616010413277
0 0.8480988593155894 0.6511552229092092 0.13269961977186312 0.20305890009762448
0 0.3988593155893536 0.8940774487471527 0.04790874524714829 0.039375203384315
0 0.2338403041825095 0.7565896518060528 0.022813688212927757 0.024731532704197853
0 0.665019011406844 0.3421737715587374 0.10494296577946768 0.0979498861047836
0 0.10152091254752851 0.6425317279531403 0.00988593155893536 0.010087862024080702
0 0.31102661596958175 0.6666124308493329 0.02129277566539924 0.032866905304262936
0 0.2085551330798479 0.9235274975593882 0.04448669201520913 0.05141555483241132
0 0.8346007604562737 0.5833062154246664 0.1285171102661597 0.10120403514480963
0 0.40760456273764256 0.6583143507972665 0.01977186311787072 0.028636511552229092
