0 0.09202211690363349 0.8442489410231345 0.12480252764612954 0.13098729227761485
0 0.4431279620853081 0.3046594982078853 0.14770932069510267 0.2932551319648094
0 0.09932859399684044 0.7790811339198436 0.0730647709320695 0.10231345715216683
0 0.34636650868878355 0.19680677745193875 0.2093206951026856 0.06972955360052134
0 0.09123222748815166 0.6831215379602477 0.044233807266982623 0.18214402085369827
0 0.6937203791469194 0.17921146953405018 0.20576619273301738 0.08406647116324535
0 0.2221563981042654 0.669762137504073 0.29265402843601895 0.2303681981101336
0 0.22768562401263823 0.43776474421635714 0.20576619273301738 0.15542521994134897
0 0.14474723538704581 0.7046269143043337 0.06279620853080568 0.14499837080482242
0 0.09932859399684044 0.7790811339198436 0.0730647709320695 0.10231345715216683
0 0.5594391785150079 0.4200065167807103 0.21050552922590837 0.23330074942978168
