0 0.3057568438003221 0.18302945301542778 0.10748792270531402 0.05329593267882188
0 0.30978260869565216 0.7116058906030855 0.0430756843800322 0.023492286115007012
0 0.8079710144927537 0.3380084151472651 0.08051529790660225 0.07433380084151472
0 0.285829307568438 0.14393408134642358 0.10547504025764895 0.06697054698457224
0 0.2971014492753623 0.2738429172510519 0.24396135265700483 0.25105189340813466
0 0.7707326892109501 0.7682328190743338 0.026972624798711754 0.02664796633941094
0 0.6745169082125604 0.16269284712482468 0.05434782608695652 0.05820476858345021
0 0.69585346215781 0.20178821879382888 0.12359098228663445 0.10343618513323984
0 0.23651368760064412 0.34081346423562414 0.1179549114331723 0.10659186535764376
0 0.6930354267310789 0.24158485273492286 0.14210950080515297 0.20476858345021037
