0 0.23372395833333334 0.5682291666666667 0.18446180555555555 0.12256944444444444
0 0.1388888888888889 0.4482638888888889 0.05642361111111111 0.013194444444444444
0 0.13932291666666666 0.475 0.07378472222222222 0.009027777777777777
0 0.057291666666666664 0.7217013888888889 0.04600694444444445 0.04479166666666667
0 0.8209635416666666 0.6399305555555556 0.05251736111111111 0.022916666666666665
0 0.8669704861111112 0.7142361111111111 0.0646701388888889 0.09166666666666666
0 0.8669704861111112 0.7142361111111111 0.0646701388888889 0.09166666666666666
0 0.06575520833333333 0.7225694444444445 0.05685763888888889 0.07847222222222222
0 0.5642361111111112 0.3263888888888889 0.06770833333333333 0.05763888888888889
0 0.23372395833333334 0.5682291666666667 0.18446180555555555 0.12256944444444444
0 0.3849826388888889 0.3671875 0.07378472222222222 0.30104166666666665
0 0.06163194444444445 0.7244791666666667 0.029513888888888888 0.033680555555555554
0 0.19618055555555555 0.29739583333333336 0.16666666666666666 0.16354166666666667
0 0.12760416666666666 0.4543402777777778 0.109375 0.04895833333333333
