0 0.2950787401574803 0.23307291666666666 0.10748031496062992 0.14192708333333334
0 0.606496062992126 0.5607096354166666 0.41692913385826774 0.12076822916666667
0 0.6076771653543307 0.21598307291666666 0.10748031496062992 0.11751302083333333
0 0.7356299212598425 0.3660481770833333 0.24921259842519686 0.4892578125
0 0.2874015748031496 0.39111328125 0.3362204724409449 0.5016276041666666
0 0.7356299212598425 0.3660481770833333 0.24921259842519686 0.4892578125
0 0.1515748031496063 0.6394856770833334 0.05275590551181102 0.09016927083333333
0 0.26614173228346455 0.4150390625 0.31338582677165355 0.4173177083333333
0 0.8395669291338582 0.619140625 0.0515748031496063 0.048177083333333336
0 0.6864173228346456 0.09326171875 0.16181102362204725 0.036783854166666664
0 0.1515748031496063 0.6394856770833334 0.05275590551181102 0.09016927083333333
0 0.26614173228346455 0.4150390625 0.31338582677165355 0.4173177083333333
0 0.7169291338582677 0.3084309895833333 0.26614173228346455 0.3876953125
0 0.28523622047244096 0.5314127604166666 0.10826771653543307 0.053059895833333336
0 0.8395669291338582 0.619140625 0.0515748031496063 0.048177083333333336
0 0.4797244094488189 0.3668619791666667 0.12952755905511812 0.2981770833333333
