0 0.2960069444444444 0.23072916666666668 0.296875 0.1545138888888889
0 0.669921875 0.5053819444444444 0.018663194444444444 0.014930555555555556
0 0.5336371527777778 0.39288194444444446 0.12977430555555555 0.14548611111111112
0 0.0881076388888889 0.7899305555555556 0.04861111111111111 0.07708333333333334
0 0.0857204861111111 0.8012152777777778 0.04210069444444445 0.051041666666666666
0 0.6979166666666666 0.3873263888888889 0.11805555555555555 0.090625
0 0.7502170138888888 0.5638888888888889 0.16102430555555555 0.05625
0 0.22916666666666666 0.3954861111111111 0.2170138888888889 0.22777777777777777
0 0.6458333333333334 0.6991319444444445 0.10416666666666667 0.14479166666666668
0 0.8218315972222222 0.8022569444444444 0.048177083333333336 0.049652777777777775
0 0.8075086805555556 0.8088541666666667 0.0724826388888889 0.07048611111111111
0 0.640625 0.19340277777777778 0.1597222222222222 0.04027777777777778
0 0.6573350694444444 0.3345486111111111 0.14539930555555555 0.24479166666666666
