0 0.4246961805555556 0.4720486111111111 0.4127604166666667 0.14201388888888888
0 0.4375 0.20607638888888888 0.09375 0.0954861111111111
0 0.44921875 0.21180555555555555 0.0625 0.021527777777777778
0 0.6705729166666666 0.42118055555555556 0.08246527777777778 0.15347222222222223
0 0.4963107638888889 0.07569444444444444 0.1228298611111111 0.022222222222222223
0 0.5010850694444444 0.2934027777777778 0.19401041666666666 0.11944444444444445
0 0.23546006944444445 0.13125 0.09331597222222222 0.14027777777777778
0 0.599609375 0.3921875 0.1879340277777778 0.03784722222222222
0 0.5416666666666666 0.41458333333333336 0.3394097222222222 0.1875
0 0.15733506944444445 0.4421875 0.14973958333333334 0.146875
0 0.2528211805555556 0.06128472222222222 0.0759548611111111 0.025347222222222222
