0 0.8704427083333334 0.4609375 0.06553819444444445 0.4690972222222222
0 0.8385416666666666 0.7630208333333334 0.05295138888888889 0.06076388888888889
0 0.7884114583333334 0.35885416666666664 0.41796875 0.715625
0 0.6401909722222222 0.20729166666666668 0.1918402777777778 0.05555555555555555
0 0.8385416666666666 0.7630208333333334 0.05295138888888889 0.06076388888888889
0 0.1525607638888889 0.5017361111111112 0.06987847222222222 0.029166666666666667
0 0.2545572916666667 0.3890625 0.07161458333333333 0.03090277777777778
0 0.7144097222222222 0.09270833333333334 0.2682291666666667 0.17916666666666667
0 0.6710069444444444 0.36128472222222224 0.15364583333333334 0.11493055555555555
0 0.7313368055555556 0.2300347222222222 0.109375 0.08645833333333333
