0 0.8657024793388429 0.8902733118971061 0.04855371900826446 0.11495176848874598
0 0.24070247933884298 0.6137459807073955 0.23553719008264462 0.27813504823151125
0 0.2735020661157025 0.38685691318327975 0.24431818181818182 0.14991961414790997
0 0.7520661157024794 0.6885048231511254 0.18078512396694216 0.24758842443729903
0 0.8197314049586777 0.37680868167202575 0.007231404958677686 0.007636655948553055
0 0.8081095041322314 0.41258038585209006 0.005681818181818182 0.007636655948553055
0 0.8161157024793388 0.3965032154340836 0.010330578512396695 0.007636655948553055
0 0.8060433884297521 0.6991559485530546 0.17510330578512398 0.10651125401929261
0 0.34607438016528924 0.17403536977491962 0.12603305785123967 0.0594855305466238
0 0.8349690082644629 0.9029340836012861 0.061466942148760334 0.05265273311897106
0 0.8657024793388429 0.8902733118971061 0.04855371900826446 0.11495176848874598
0 0.7766012396694215 0.622588424437299 0.2556818181818182 0.3979099678456592
0 0.2735020661157025 0.38685691318327975 0.24431818181818182 0.14991961414790997
0 0.643853305785124 0.15815916398713825 0.13481404958677687 0.03255627009646302
0 0.11725206611570248 0.9065514469453376 0.03305785123966942 0.06872990353697749
0 0.2321797520661157 0.6155546623794212 0.22055785123966942 0.2528135048231511
0 0.36260330578512395 0.2266881028938907 0.07231404958677685 0.06832797427652733
0 0.2569731404958678 0.5 0.36105371900826444 0.6591639871382636
0 0.7231404958677686 0.25462218649517687 0.04132231404958678 0.0655144694533762
0 0.24070247933884298 0.6137459807073955 0.23553719008264462 0.27813504823151125
0 0.8060433884297521 0.6991559485530546 0.17510330578512398 0.10651125401929261
0 0.7784090909090909 0.5070337620578779 0.19111570247933884 0.26808681672025725
