0 0.22138500179404377 0.753558052434457 0.077502691065662 0.08389513108614233
0 0.6469321851453176 0.38108614232209737 0.21528525296017223 0.2842696629213483
0 0.8717258701112307 0.7926966292134832 0.03839253677789738 0.07153558052434457
0 0.8107283817725153 0.8140449438202247 0.1496232508073197 0.05355805243445693
0 0.11338356655902404 0.800936329588015 0.05956225331898098 0.1052434456928839
0 0.8717258701112307 0.7926966292134832 0.03839253677789738 0.07153558052434457
0 0.5444922856117689 0.7172284644194756 0.46968066020810906 0.19250936329588014
0 0.11589522784355938 0.7891385767790262 0.06099748833871547 0.0853932584269663
0 0.637064944384643 0.39194756554307114 0.2565482597775386 0.2812734082397004
0 0.6578758521707929 0.3707865168539326 0.19842124147829207 0.2389513108614232
