0 0.23987481590574375 0.6666109625668449 0.09904270986745213 0.07921122994652406
0 0.7277245949926362 0.44418449197860965 0.19698085419734904 0.12032085561497326
0 0.20416053019145802 0.3795120320855615 0.10714285714285714 0.027740641711229946
0 0.12205449189985272 0.8499331550802139 0.053387334315169364 0.08957219251336898
0 0.5176730486008837 0.3699866310160428 0.12886597938144329 0.14505347593582887
0 0.24355670103092783 0.673629679144385 0.08873343151693668 0.07185828877005347
0 0.29473490427098675 0.3140040106951872 0.12187039764359352 0.11798128342245989
0 0.3068851251840943 0.232620320855615 0.24926362297496318 0.142379679144385
0 0.6073269513991163 0.1883355614973262 0.21318114874815905 0.07052139037433156
0 0.12205449189985272 0.8499331550802139 0.053387334315169364 0.08957219251336898
0 0.8054123711340206 0.740975935828877 0.06296023564064801 0.08221925133689839
0 0.6185567010309279 0.17129010695187166 0.13696612665684832 0.0464572192513369
0 0.8170103092783505 0.7526737967914439 0.054491899852724596 0.1570855614973262
0 0.2656480117820324 0.2610294117647059 0.1947717231222386 0.17379679144385027
0 0.29050073637702506 0.19685828877005349 0.10972017673048601 0.07352941176470588
