0 0.2749609984399376 0.5913333333333334 0.18408736349453977 0.23866666666666667
0 0.265990639625585 0.369 0.16380655226209048 0.3453333333333333
0 0.7919266770670826 0.3 0.09945397815912636 0.08266666666666667
0 0.6893525741029641 0.31466666666666665 0.07839313572542901 0.06933333333333333
0 0.5446567862714509 0.35283333333333333 0.16965678627145087 0.159
0 0.2716458658346334 0.3515 0.24141965678627145 0.271
0 0.30635725429017163 0.608 0.06981279251170047 0.08133333333333333
0 0.2716458658346334 0.3515 0.24141965678627145 0.271
0 0.43525741029641185 0.30333333333333334 0.15912636505460218 0.3426666666666667
0 0.26774570982839313 0.6208333333333333 0.12207488299531981 0.10033333333333333
0 0.3264430577223089 0.1845 0.16614664586583464 0.039
