0 0.7965 0.6564542483660131 0.148 0.0784313725490196
0 0.5275 0.7113970588235294 0.457 0.1948529411764706
0 0.75575 0.6323529411764706 0.1565 0.03676470588235294
0 0.78025 0.6315359477124183 0.0935 0.025326797385620915
0 0.708 0.7075163398692811 0.335 0.14215686274509803
0 0.2185 0.5602532679738562 0.17 0.06740196078431372
0 0.83325 0.6756535947712419 0.0495 0.04330065359477124
0 0.8665 0.7538807189542484 0.067 0.09109477124183006
0 0.84575 0.6711601307189542 0.0475 0.05310457516339869
0 0.8665 0.7538807189542484 0.067 0.09109477124183006
