0 0.34130859375 0.24365234375 0.06412760416666667 0.0595703125
0 0.7255859375 0.3284505208333333 0.14453125 0.14778645833333334
0 0.7540690104166666 0.4085286458333333 0.1494140625 0.13346354166666666
0 0.7540690104166666 0.4085286458333333 0.1494140625 0.13346354166666666
0 0.8142903645833334 0.4609375 0.0673828125 0.09375
0 0.3551432291666667 0.48681640625 0.2591145833333333 0.15006510416666666
0 0.5960286458333334 0.2692057291666667 0.099609375 0.11067708333333333
0 0.552734375 0.3946940104166667 0.3079427083333333 0.06998697916666667
0 0.7708333333333334 0.4007161458333333 0.08984375 0.09114583333333333
0 0.2884114583333333 0.3115234375 0.09635416666666667 0.12565104166666666
0 0.8142903645833334 0.4609375 0.0673828125 0.09375
0 0.3523763020833333 0.3553059895833333 0.18131510416666666 0.15006510416666666
