0 0.21514423076923078 0.5927593659942363 0.3014423076923077 0.24819884726224783
0 0.9132211538461539 0.7694524495677233 0.03701923076923077 0.04971181556195965
0 0.9132211538461539 0.7694524495677233 0.03701923076923077 0.04971181556195965
0 0.7543269230769231 0.4713616714697406 0.32211538461538464 0.5068443804034583
0 0.21514423076923078 0.5927593659942363 0.3014423076923077 0.24819884726224783
0 0.8168269230769231 0.5952809798270894 0.2076923076923077 0.24531700288184438
0 0.740625 0.37103746397694526 0.2591346153846154 0.3270893371757925
0 0.26802884615384615 0.3467219020172911 0.28701923076923075 0.3461815561959654
0 0.7658653846153847 0.3937319884726225 0.3144230769230769 0.36095100864553314
0 0.25985576923076925 0.35014409221902015 0.2966346153846154 0.29250720461095103
0 0.8168269230769231 0.5952809798270894 0.2076923076923077 0.24531700288184438
0 0.26802884615384615 0.3467219020172911 0.28701923076923075 0.3461815561959654
