0 0.26806640625 0.28857421875 0.0673828125 0.3486328125
0 0.6134440104166666 0.07242838541666667 0.14420572916666666 0.07845052083333333
0 0.75341796875 0.69140625 0.0302734375 0.064453125
0 0.34716796875 0.3479817708333333 0.2158203125 0.4947916666666667
0 0.6534830729166666 0.3341471354166667 0.1982421875 0.3955078125
0 0.75439453125 0.70166015625 0.047200520833333336 0.062174479166666664
0 0.2540690104166667 0.6861979166666666 0.050455729166666664 0.0703125
0 0.720703125 0.20784505208333334 0.09505208333333333 0.1591796875
0 0.2540690104166667 0.6861979166666666 0.050455729166666664 0.0703125
0 0.3927408854166667 0.08268229166666667 0.14095052083333334 0.055989583333333336
0 0.6534830729166666 0.3341471354166667 0.1982421875 0.3955078125
0 0.3359375 0.33984375 0.20768229166666666 0.439453125
0 0.3359375 0.33984375 0.20768229166666666 0.439453125
0 0.6534830729166666 0.3341471354166667 0.1982421875 0.3955078125
0 0.6534830729166666 0.3341471354166667 0.1982421875 0.3955078125
0 0.3359375 0.33984375 0.20768229166666666 0.439453125
0 0.65625 0.3723958333333333 0.19986979166666666 0.5260416666666666
