0 0.7444051825677267 0.4788480312398308 0.21122889674126424 0.2053368044256427
0 0.5241460541813898 0.571753986332574 0.48056537102473496 0.16856492027334852
0 0.2762073027090695 0.3327367393426619 0.066352571652925 0.07061503416856492
0 0.5555555555555556 0.3097949886104784 0.12799371809972518 0.10218027985681744
0 0.8975265017667845 0.6482264887731858 0.04397330192383196 0.0488122356003905
0 0.08657243816254417 0.7261633582818093 0.10325873576756969 0.09339407744874716
0 0.9079308990969769 0.6597787178652782 0.048292108362779744 0.09599739668076798
0 0.22673733804475854 0.4223885453953791 0.1071849234393404 0.08200455580865604
0 0.08657243816254417 0.7261633582818093 0.10325873576756969 0.09339407744874716
0 0.23007459756576365 0.5126911812561016 0.14605418138987045 0.28864301985030916
0 0.7444051825677267 0.4788480312398308 0.21122889674126424 0.2053368044256427
0 0.23007459756576365 0.5126911812561016 0.14605418138987045 0.28864301985030916
0 0.22281115037298782 0.4188089814513505 0.08755398508048685 0.07028961926456231
0 0.7016097369454259 0.5115522290920924 0.18767177071063998 0.2037097299056297
0 0.07754220651747154 0.7095671981776766 0.053788771103258734 0.08232997071265864
0 0.552807224185316 0.6729580214773837 0.5559481743227326 0.16075496257728605
