0 0.7430013020833334 0.6857096354166666 0.056315104166666664 0.09407552083333333
0 0.3072916666666667 0.3172200520833333 0.016276041666666668 0.015299479166666666
0 0.69970703125 0.3214518229166667 0.039388020833333336 0.1416015625
0 0.3072916666666667 0.3172200520833333 0.016276041666666668 0.015299479166666666
0 0.6705729166666666 0.20100911458333334 0.111328125 0.10970052083333333
0 0.6627604166666666 0.3889973958333333 0.224609375 0.515625
0 0.7509765625 0.67529296875 0.048828125 0.06477864583333333
0 0.3175455729166667 0.2727864583333333 0.18001302083333334 0.19010416666666666
0 0.55517578125 0.267578125 0.10579427083333333 0.10872395833333333
0 0.63427734375 0.6591796875 0.0478515625 0.043619791666666664
