0 0.6472431077694235 0.40419039869812856 0.027151211361737676 0.038649308380797394
0 0.6472431077694235 0.40419039869812856 0.027151211361737676 0.038649308380797394
0 0.6188387635756056 0.37347436940602113 0.015455304928989139 0.021969080553295363
0 0.4392230576441103 0.35862489829129374 0.057226399331662486 0.08258746948738813
0 0.5866750208855472 0.3462164361269325 0.03634085213032581 0.03173311635475997
0 0.4968671679197995 0.3671684296175753 0.023809523809523808 0.035394629780309196
0 0.4392230576441103 0.35862489829129374 0.057226399331662486 0.08258746948738813
0 0.6188387635756056 0.37347436940602113 0.015455304928989139 0.021969080553295363
0 0.6052631578947368 0.1564279902359642 0.025898078529657476 0.022375915378356388
0 0.5327903091060986 0.3708299430431245 0.041353383458646614 0.050854353132628156
0 0.5724728487886382 0.30248169243287226 0.18253968253968253 0.1647681041497152
0 0.5327903091060986 0.3708299430431245 0.041353383458646614 0.050854353132628156
0 0.5866750208855472 0.3462164361269325 0.03634085213032581 0.03173311635475997
0 0.4968671679197995 0.3671684296175753 0.023809523809523808 0.035394629780309196
0 0.5350877192982456 0.37164361269324653 0.252297410192147 0.10699755899104964
0 0.6006683375104428 0.7097233523189586 0.48120300751879697 0.17209113100081366
