0 0.7319054652880355 0.6452702702702703 0.09527326440177253 0.11016451233842538
0 0.20365583456425407 0.3663337250293772 0.10228951255539143 0.058166862514688604
0 0.7723412112259971 0.6577555816686251 0.18353028064992616 0.14159811985898943
0 0.6410635155096012 0.5414218566392479 0.16912850812407682 0.14864864864864866
0 0.5788404726735599 0.28980611045828436 0.10081240768094535 0.07961222091656875
0 0.15048005908419498 0.5652173913043478 0.04985228951255539 0.03760282021151586
0 0.3020679468242245 0.5381903642773208 0.23855243722304284 0.26439482961222094
0 0.6209379615952733 0.5308460634547592 0.20199409158050222 0.1627497062279671
0 0.14955686853766617 0.5691833137485312 0.04357459379615953 0.02144535840188014
0 0.3020679468242245 0.5381903642773208 0.23855243722304284 0.26439482961222094
0 0.14955686853766617 0.5691833137485312 0.04357459379615953 0.02144535840188014
0 0.09970457902511078 0.6289659224441834 0.025110782865583457 0.03290246768507638
0 0.8242245199409158 0.44300822561692127 0.0310192023633678 0.02526439482961222
0 0.09970457902511078 0.6289659224441834 0.025110782865583457 0.03290246768507638
0 0.20993353028064993 0.36574618096357225 0.09268833087149188 0.08578143360752057
