0 0.354736328125 0.2338 0.07177734375 0.0532
0 0.70263671875 0.2146 0.0322265625 0.1044
0 0.66552734375 0.9382 0.1572265625 0.1108
0 0.5927734375 0.6826 0.4892578125 0.1444
0 0.811767578125 0.6824 0.03662109375 0.036
0 0.12158203125 0.7414 0.087890625 0.0892
0 0.2783203125 0.3826 0.318359375 0.3484
0 0.324951171875 0.3244 0.20849609375 0.2504
0 0.836669921875 0.756 0.04931640625 0.0736
0 0.60107421875 0.1682 0.0751953125 0.0684
0 0.315673828125 0.2006 0.12060546875 0.0572
0 0.349365234375 0.2744 0.15380859375 0.1688
0 0.35400390625 0.187 0.1533203125 0.0748
0 0.61669921875 0.3194 0.126953125 0.1332
0 0.12158203125 0.7414 0.087890625 0.0892
