0 0.6703559027777778 0.29756944444444444 0.21223958333333334 0.15555555555555556
0 0.2222222222222222 0.7993055555555556 0.1388888888888889 0.05486111111111111
0 0.7180989583333334 0.36128472222222224 0.19921875 0.06631944444444444
0 0.7163628472222222 0.3918402777777778 0.2738715277777778 0.33229166666666665
0 0.6985677083333334 0.5835069444444444 0.0724826388888889 0.07256944444444445
0 0.8478732638888888 0.7375 0.061197916666666664 0.11597222222222223
0 0.8478732638888888 0.7375 0.061197916666666664 0.11597222222222223
0 0.6985677083333334 0.5835069444444444 0.0724826388888889 0.07256944444444445
0 0.7163628472222222 0.3918402777777778 0.2738715277777778 0.33229166666666665
0 0.22981770833333334 0.8434027777777777 0.39453125 0.1375
0 0.6154513888888888 0.7086805555555555 0.4704861111111111 0.16319444444444445
0 0.7163628472222222 0.3918402777777778 0.2738715277777778 0.33229166666666665
0 0.7163628472222222 0.3918402777777778 0.2738715277777778 0.33229166666666665
