0 0.2802142618011383 0.23033910533910534 0.020087043856712422 0.022727272727272728
0 0.1565115500502176 0.7878787878787878 0.06796116504854369 0.0707070707070707
0 0.5686307331771008 0.7184343434343434 0.3699363910277871 0.12950937950937952
0 0.5855373284231671 0.2898629148629149 0.10980917308336123 0.12950937950937952
0 0.3170405088717777 0.15836940836940838 0.1452962838968865 0.06349206349206349
0 0.35470371610311346 0.23755411255411255 0.1128222296618681 0.15981240981240982
0 0.883495145631068 0.8555194805194806 0.02946099765651155 0.046536796536796536
0 0.1565115500502176 0.7878787878787878 0.06796116504854369 0.0707070707070707
0 0.25744894543019753 0.29274891774891776 0.03013056578506863 0.029942279942279944
0 0.2802142618011383 0.23033910533910534 0.020087043856712422 0.022727272727272728
0 0.7541011047874121 0.48683261183261184 0.06126548376297288 0.08261183261183261
0 0.6893203883495146 0.30627705627705626 0.06829594911282223 0.18037518037518038
0 0.25744894543019753 0.29274891774891776 0.03013056578506863 0.029942279942279944
0 0.2698359558085035 0.5176767676767676 0.024774020756611986 0.05411255411255411
0 0.7182792099096083 0.3791486291486291 0.18580515567458988 0.3658008658008658
