0 0.6065538194444444 0.35208333333333336 0.1332465277777778 0.17916666666666667
0 0.6647135416666666 0.45086805555555554 0.038628472222222224 0.029513888888888888
0 0.6692708333333334 0.5072916666666667 0.058159722222222224 0.04236111111111111
0 0.1440972222222222 0.4713541666666667 0.05295138888888889 0.04201388888888889
0 0.7588975694444444 0.5579861111111111 0.06987847222222222 0.05486111111111111
0 0.6115451388888888 0.3467013888888889 0.1284722222222222 0.16493055555555555
0 0.2786458333333333 0.41180555555555554 0.07291666666666667 0.049305555555555554
0 0.6115451388888888 0.3467013888888889 0.1284722222222222 0.16493055555555555
0 0.6065538194444444 0.35208333333333336 0.1332465277777778 0.17916666666666667
0 0.6260850694444444 0.3373263888888889 0.10286458333333333 0.13784722222222223
0 0.6115451388888888 0.3467013888888889 0.1284722222222222 0.16493055555555555
0 0.7584635416666666 0.5739583333333333 0.2209201388888889 0.17083333333333334
0 0.7165798611111112 0.4703125 0.21788194444444445 0.04826388888888889
