0 0.9212598425196851 0.7890625 0.025196850393700787 0.033854166666666664
0 0.27893700787401576 0.5029296875 0.02795275590551181 0.05078125
0 0.9096456692913386 0.8683268229166666 0.03267716535433071 0.048502604166666664
0 0.8976377952755905 0.70654296875 0.03937007874015748 0.07063802083333333
0 0.1856299212598425 0.7086588541666666 0.046850393700787404 0.060546875
0 0.7015748031496063 0.07307942708333333 0.12913385826771653 0.015950520833333332
0 0.1856299212598425 0.7086588541666666 0.046850393700787404 0.060546875
0 0.9196850393700787 0.7189127604166666 0.02047244094488189 0.025065104166666668
0 0.8996062992125984 0.7145182291666666 0.01889763779527559 0.024739583333333332
0 0.8976377952755905 0.70654296875 0.03937007874015748 0.07063802083333333
0 0.8411417322834646 0.38232421875 0.06496062992125984 0.0517578125
0 0.6183070866141732 0.2412109375 0.13582677165354332 0.10872395833333333
0 0.687007874015748 0.3030598958333333 0.14015748031496064 0.125
0 0.687007874015748 0.3030598958333333 0.14015748031496064 0.125
0 0.369488188976378 0.15934244791666666 0.21614173228346456 0.0400390625
0 0.8344488188976378 0.5026041666666666 0.05551181102362205 0.047526041666666664
0 0.8631889763779528 0.5983072916666666 0.03818897637795276 0.042317708333333336
0 0.8035433070866141 0.3128255208333333 0.04251968503937008 0.048828125
0 0.4 0.08756510416666667 0.20551181102362204 0.0703125
