0 0.32149712092130517 0.2611567297393788 0.24299424184261037 0.23098893252409852
0 0.7103646833013436 0.42163513031060335 0.2690978886756238 0.4505533737950732
0 0.7103646833013436 0.42163513031060335 0.2690978886756238 0.4505533737950732
0 0.3074856046065259 0.34737593716529813 0.21190019193857965 0.3355944305605141
0 0.1276391554702495 0.8973580863977151 0.08330134357005758 0.09460906818993217
0 0.7345489443378119 0.41395930024991073 0.28598848368522073 0.48875401642270616
0 0.8525911708253359 0.9319885755087469 0.05911708253358925 0.0567654409139593
0 0.10863723608445297 0.8898607640128525 0.03761996161228407 0.0317743662977508
0 0.1276391554702495 0.8973580863977151 0.08330134357005758 0.09460906818993217
0 0.7345489443378119 0.41395930024991073 0.28598848368522073 0.48875401642270616
0 0.31957773512476007 0.29061049625133883 0.25758157389635317 0.31917172438414854
0 0.2667946257197697 0.2317029632274188 0.09904030710172745 0.10282042127811496
0 0.8525911708253359 0.9319885755087469 0.05911708253358925 0.0567654409139593
