0 0.7515190972222222 0.3897569444444444 0.2183159722222222 0.22534722222222223
0 0.3009982638888889 0.20833333333333334 0.07508680555555555 0.052083333333333336
0 0.1174045138888889 0.6387152777777778 0.10286458333333333 0.3684027777777778
0 0.6525607638888888 0.07951388888888888 0.2964409722222222 0.15902777777777777
0 0.291015625 0.0763888888888889 0.19140625 0.13055555555555556
0 0.71875 0.3706597222222222 0.016493055555555556 0.012152777777777778
0 0.3728298611111111 0.31666666666666665 0.08072916666666667 0.07291666666666667
0 0.5492621527777778 0.46684027777777776 0.3832465277777778 0.090625
0 0.5303819444444444 0.25972222222222224 0.11371527777777778 0.10486111111111111
0 0.2521701388888889 0.2359375 0.20572916666666666 0.25104166666666666
0 0.20442708333333334 0.3390625 0.3706597222222222 0.3329861111111111
