0 0.5376181474480152 0.2611236802413273 0.13005671077504727 0.16704374057315233
0 0.5508506616257088 0.32975113122171945 0.0446124763705104 0.0471342383107089
0 0.5748582230623819 0.5674962292609351 0.43289224952741023 0.11990950226244344
0 0.40812854442344043 0.1510180995475113 0.04574669187145557 0.06221719457013575
0 0.33780718336483934 0.13329562594268476 0.062381852551984876 0.026018099547511313
0 0.5204158790170132 0.23453996983408748 0.09565217391304348 0.10784313725490197
0 0.5204158790170132 0.23453996983408748 0.09565217391304348 0.10784313725490197
0 0.26427221172022686 0.34558823529411764 0.0551984877126654 0.0471342383107089
0 0.23648393194706993 0.4726621417797888 0.13043478260869565 0.08031674208144797
0 0.2896030245746692 0.39328808446455504 0.1330812854442344 0.09954751131221719
0 0.40812854442344043 0.1510180995475113 0.04574669187145557 0.06221719457013575
0 0.7827977315689981 0.5441176470588235 0.07069943289224953 0.042232277526395176
0 0.5508506616257088 0.32975113122171945 0.0446124763705104 0.0471342383107089
