0 0.5759036144578313 0.46346830985915494 0.0855421686746988 0.08597417840375587
0 0.37243975903614457 0.7208039906103286 0.15873493975903613 0.15991784037558684
0 0.3391566265060241 0.6857394366197183 0.2524096385542169 0.24295774647887325
0 0.36927710843373496 0.6697476525821596 0.18855421686746987 0.28257042253521125
0 0.37635542168674696 0.28036971830985913 0.1322289156626506 0.03902582159624413
0 0.31039156626506026 0.6855927230046949 0.2219879518072289 0.2367957746478873
0 0.4579819277108434 0.454518779342723 0.0430722891566265 0.12265258215962441
0 0.2868975903614458 0.6602112676056338 0.19789156626506024 0.03931924882629108
0 0.35045180722891567 0.465962441314554 0.10090361445783133 0.04225352112676056
0 0.3393072289156627 0.7183098591549296 0.22319277108433735 0.02112676056338028
0 0.6658132530120482 0.26467136150234744 0.1316265060240964 0.034624413145539906
