0 0.7766566265060241 0.8769072769953051 0.04969879518072289 0.04724178403755869
0 0.3009036144578313 0.7199237089201878 0.09518072289156626 0.06543427230046948
0 0.3243975903614458 0.36619718309859156 0.1710843373493976 0.2852112676056338
0 0.6881024096385542 0.36399647887323944 0.17078313253012048 0.3130868544600939
0 0.7813253012048192 0.891725352112676 0.016867469879518072 0.02523474178403756
0 0.17123493975903614 0.8154342723004695 0.045481927710843376 0.04460093896713615
0 0.7111445783132531 0.5852406103286385 0.14337349397590363 0.16402582159624413
0 0.661144578313253 0.37544014084507044 0.08674698795180723 0.30428403755868544
0 0.6525602409638555 0.7404636150234741 0.034036144578313256 0.07775821596244131
0 0.17123493975903614 0.8154342723004695 0.045481927710843376 0.04460093896713615
0 0.7766566265060241 0.8769072769953051 0.04969879518072289 0.04724178403755869
0 0.3453313253012048 0.35079225352112675 0.2135542168674699 0.2579225352112676
