0 0.8049659591509811 0.5115397296406199 0.2130556668001602 0.23574019122980547
0 0.33740488586303563 0.2944279591163864 0.23508209851822187 0.24596109462578306
0 0.5861033239887865 0.30794592812396965 0.1565879054865839 0.12265084075173097
0 0.262915498598318 0.4907682162875041 0.315979175010012 0.2891526541378173
0 0.6239487384861834 0.487800857237059 0.08570284341209451 0.3498186613913617
0 0.2599118942731278 0.28486646884273 0.21385662795354426 0.24793933399274645
0 0.8374048858630356 0.48813056379821956 0.09851822186623949 0.04846686449060336
0 0.3065678814577493 0.48747115067589847 0.19903884661593912 0.1414441147378833
0 0.2599118942731278 0.28486646884273 0.21385662795354426 0.24793933399274645
0 0.2599118942731278 0.28486646884273 0.21385662795354426 0.24793933399274645
0 0.26932318782539044 0.42532146389713155 0.3656387665198238 0.6271018793273986
0 0.31457749299158994 0.17375535773161885 0.23748498197837406 0.1444114737883284
