0 0.2373469387755102 0.5854534570487878 0.21918367346938775 0.19574977551631248
0 0.21612244897959185 0.5682430410056869 0.12775510204081633 0.16911104459742593
0 0.7971428571428572 0.33208620173600717 0.05877551020408163 0.0398084405866507
0 0.7328571428571429 0.27177491768931455 0.17673469387755103 0.16282550134690213
0 0.25448979591836735 0.3376234660281353 0.22489795918367347 0.13588745884465728
0 0.7306122448979592 0.23421131397785094 0.04897959183673469 0.038012571086501044
0 0.2373469387755102 0.5854534570487878 0.21918367346938775 0.19574977551631248
0 0.2330612244897959 0.37488775815624065 0.19591836734693877 0.16252618976354385
0 0.6722448979591836 0.2304699191858725 0.024489795918367346 0.038311882669859326
0 0.7187755102040816 0.15549236755462437 0.11918367346938775 0.042202933253516914
0 0.256530612244898 0.22014366956001197 0.253469387755102 0.1032624962586052
0 0.2636734693877551 0.32729721640227477 0.24244897959183673 0.19844357976653695
0 0.8779591836734694 0.4037713259503143 0.022857142857142857 0.023346303501945526
0 0.7328571428571429 0.27177491768931455 0.17673469387755103 0.16282550134690213
0 0.7914285714285715 0.3314875785692906 0.06857142857142857 0.04459742592038312
0 0.28346938775510205 0.22942232864411852 0.29183673469387755 0.118228075426519
0 0.256530612244898 0.22014366956001197 0.253469387755102 0.1032624962586052
