0 0.7561199510403916 0.5117809057527539 0.22031823745410037 0.40483476132190943
0 0.7570379436964504 0.5273867809057528 0.2441860465116279 0.436046511627907
0 0.75 0.27050183598531213 0.15728274173806608 0.17258261933904528
0 0.39825581395348836 0.572062423500612 0.13555691554467564 0.15636474908200734
0 0.7561199510403916 0.5117809057527539 0.22031823745410037 0.40483476132190943
0 0.36643206854345167 0.2876376988984088 0.20410036719706243 0.21297429620563035
0 0.7045593635250919 0.19645042839657284 0.2524479804161567 0.15483476132190943
0 0.375 0.15973072215422277 0.13372093023255813 0.07894736842105263
0 0.8017135862913096 0.5602815177478581 0.2270501835985312 0.511015911872705
0 0.36643206854345167 0.2876376988984088 0.20410036719706243 0.21297429620563035
