0 0.7646610814927647 0.2888791079812207 0.2338156892612338 0.24735915492957747
0 0.31587966488956587 0.3130868544600939 0.31035795887281037 0.29577464788732394
0 0.6186214775323686 0.375 0.02856054836252856 0.022300469483568074
0 0.9017517136329017 0.7970950704225352 0.030464584920030464 0.05721830985915493
0 0.32444782939832445 0.31851525821596244 0.2856054836252856 0.30545774647887325
0 0.11329017517136329 0.8302523474178404 0.047600913937547604 0.06778169014084508
0 0.11329017517136329 0.8302523474178404 0.047600913937547604 0.06778169014084508
0 0.5942498095963442 0.36399647887323944 0.11843107387661843 0.08832159624413145
0 0.5984386900228484 0.6852992957746479 0.46953541507996954 0.12411971830985916
0 0.7414318354912415 0.6662265258215962 0.18964204112718963 0.14172535211267606
0 0.6913556740289414 0.5824530516431925 0.1527037319116527 0.08274647887323944
0 0.7490479817212491 0.3279049295774648 0.2345773038842346 0.3119131455399061
0 0.8467250571210967 0.38615023474178406 0.08263518659558264 0.035211267605633804
0 0.32444782939832445 0.31851525821596244 0.2856054836252856 0.30545774647887325
0 0.857006854531607 0.34815140845070425 0.07121096725057122 0.027288732394366196
0 0.6896420411271896 0.18427230046948356 0.19954303122619954 0.062206572769953054
0 0.9017517136329017 0.7970950704225352 0.030464584920030464 0.05721830985915493
