0 0.615234375 0.15625 0.08658854166666667 0.020182291666666668
0 0.75732421875 0.6355794270833334 0.09928385416666667 0.1669921875
0 0.37939453125 0.15120442708333334 0.09016927083333333 0.021158854166666668
0 0.75732421875 0.6355794270833334 0.09928385416666667 0.1669921875
0 0.57568359375 0.34912109375 0.044596354166666664 0.0537109375
0 0.24918619791666666 0.4200846354166667 0.14680989583333334 0.2958984375
0 0.7071940104166666 0.3981119791666667 0.0419921875 0.059244791666666664
0 0.28515625 0.18212890625 0.09309895833333333 0.1435546875
0 0.7345377604166666 0.39794921875 0.11490885416666667 0.19954427083333334
0 0.6927083333333334 0.3235677083333333 0.038411458333333336 0.048828125
0 0.2864583333333333 0.42626953125 0.059895833333333336 0.058919270833333336
0 0.3191731770833333 0.4176432291666667 0.2099609375 0.4127604166666667
0 0.7044270833333334 0.5152994791666666 0.154296875 0.189453125
0 0.6902669270833334 0.4778645833333333 0.13834635416666666 0.2734375
0 0.29638671875 0.5013020833333334 0.2119140625 0.2526041666666667
0 0.55908203125 0.3391927083333333 0.10123697916666667 0.10026041666666667
