0 0.594488188976378 0.53515625 0.3850393700787402 0.10286458333333333
0 0.568503937007874 0.2470703125 0.13385826771653545 0.087890625
0 0.27795275590551183 0.4943033854166667 0.11811023622047244 0.0576171875
0 0.9263779527559055 0.5603841145833334 0.12125984251968504 0.4462890625
0 0.8958661417322835 0.5983072916666666 0.07992125984251969 0.09700520833333333
0 0.8958661417322835 0.5983072916666666 0.07992125984251969 0.09700520833333333
0 0.38996062992125985 0.142578125 0.05393700787401575 0.055989583333333336
0 0.2874015748031496 0.4378255208333333 0.23700787401574802 0.3515625
0 0.7645669291338583 0.4210611979166667 0.23937007874015748 0.3004557291666667
0 0.3984251968503937 0.4378255208333333 0.06062992125984252 0.10807291666666667
0 0.38858267716535433 0.14176432291666666 0.051181102362204724 0.060221354166666664
0 0.6295275590551181 0.3670247395833333 0.09685039370078741 0.1142578125
