0 0.2552158273381295 0.4983016304347826 0.034892086330935254 0.029891304347826088
0 0.1658273381294964 0.55078125 0.03093525179856115 0.028872282608695652
0 0.2001798561151079 0.5263247282608695 0.038489208633093526 0.03158967391304348
0 0.7654676258992805 0.3960597826086957 0.03381294964028777 0.03260869565217391
0 0.13741007194244603 0.640625 0.029496402877697843 0.02717391304347826
0 0.3066546762589928 0.557235054347826 0.05 0.04721467391304348
0 0.3859712230215827 0.5720108695652174 0.050359712230215826 0.03192934782608696
0 0.17284172661870503 0.5545176630434783 0.03273381294964029 0.021399456521739132
0 0.7372302158273382 0.22078804347826086 0.08669064748201438 0.046875
0 0.19766187050359713 0.518172554347826 0.05935251798561151 0.034307065217391304
0 0.5667266187050359 0.606827445652174 0.4744604316546763 0.18104619565217392
0 0.2741007194244604 0.471976902173913 0.13309352517985612 0.12669836956521738
0 0.681115107913669 0.12992527173913043 0.08884892086330935 0.05604619565217391
0 0.2741007194244604 0.471976902173913 0.13309352517985612 0.12669836956521738
0 0.26115107913669067 0.45652173913043476 0.10719424460431655 0.08423913043478261
0 0.7633093525179856 0.3975883152173913 0.04100719424460432 0.03702445652173913
