0 0.31114457831325304 0.43890449438202245 0.17349397590361446 0.32092696629213485
0 0.7368975903614458 0.3692064606741573 0.08644578313253012 0.09796348314606741
0 0.561144578313253 0.30196629213483145 0.10722891566265061 0.11867977528089887
0 0.6010542168674698 0.644311797752809 0.4647590361445783 0.336376404494382
0 0.7239457831325301 0.590063202247191 0.22620481927710842 0.3458567415730337
0 0.3147590361445783 0.44469803370786515 0.2 0.3458567415730337
0 0.3280120481927711 0.32514044943820225 0.22349397590361444 0.39396067415730335
0 0.276355421686747 0.42064606741573035 0.11596385542168675 0.028089887640449437
0 0.3338855421686747 0.5338834269662921 0.2900602409638554 0.28195224719101125
0 0.3045180722891566 0.6904845505617978 0.3030120481927711 0.22717696629213482
0 0.28012048192771083 0.42257724719101125 0.10662650602409639 0.02422752808988764
