0 0.5947255113024758 0.40058379120879123 0.11661284535342663 0.15556318681318682
0 0.7088266953713671 0.26837225274725274 0.1933979189092214 0.17342032967032966
0 0.27538571941155365 0.6639766483516484 0.23717258701112306 0.2956730769230769
0 0.35145317545748117 0.14766483516483517 0.1532113383566559 0.07760989010989011
0 0.36203803372802296 0.8030563186813187 0.043774668101901684 0.044986263736263736
0 0.16146393972012918 0.8586881868131868 0.07678507355579477 0.11572802197802198
0 0.7972730534625044 0.7948145604395604 0.1126659490491568 0.19471153846153846
0 0.16146393972012918 0.8586881868131868 0.07678507355579477 0.11572802197802198
0 0.7290993900251166 0.6116071428571429 0.10836024398995335 0.13324175824175824
0 0.22981700753498385 0.6559065934065934 0.09364908503767493 0.11057692307692307
0 0.7247936849659131 0.7132554945054945 0.20308575529242914 0.3475274725274725
0 0.7136706135629709 0.2542925824175824 0.14352350197344815 0.14251373626373626
0 0.36167922497308935 0.2620192307692308 0.19949766774309294 0.2403846153846154
