0 0.8016633064516129 0.26568825910931176 0.06098790322580645 0.05263157894736842
0 0.40372983870967744 0.13917004048582995 0.07459677419354839 0.07186234817813765
0 0.7777217741935484 0.35931174089068824 0.020161290322580645 0.019230769230769232
0 0.7215221774193549 0.2798582995951417 0.22731854838709678 0.15789473684210525
0 0.8117439516129032 0.3018724696356275 0.023689516129032258 0.025809716599190284
0 0.34954637096774194 0.24114372469635628 0.1930443548387097 0.22722672064777327
0 0.7467237903225806 0.35045546558704455 0.25151209677419356 0.2859311740890688
0 0.7232862903225806 0.24746963562753035 0.05342741935483871 0.0597165991902834
0 0.6491935483870968 0.25936234817813764 0.029233870967741934 0.02479757085020243
0 0.34576612903225806 0.22140688259109312 0.22681451612903225 0.2555668016194332
