0 0.8154296875 0.771 0.0869140625 0.1116
0 0.57177734375 0.4506 0.099609375 0.1204
0 0.4580078125 0.333 0.07421875 0.1644
0 0.3662109375 0.302 0.15234375 0.132
0 0.6943359375 0.1298 0.0625 0.1948
0 0.70166015625 0.204 0.0439453125 0.0416
0 0.08544921875 0.8628 0.048828125 0.0472
0 0.14501953125 0.7512 0.0146484375 0.0112
0 0.3662109375 0.302 0.15234375 0.132
0 0.853759765625 0.8204 0.06298828125 0.0744
0 0.243408203125 0.459 0.03271484375 0.0188
0 0.244384765625 0.4594 0.02978515625 0.0244
0 0.371337890625 0.2436 0.15771484375 0.0448
0 0.853759765625 0.8204 0.06298828125 0.0744
0 0.62353515625 0.2568 0.0966796875 0.0576
0 0.69677734375 0.0558 0.05078125 0.0508
0 0.2216796875 0.7958 0.2158203125 0.094
0 0.3662109375 0.302 0.15234375 0.132
0 0.08544921875 0.8628 0.048828125 0.0472
0 0.587890625 0.7338 0.4375 0.1268
0 0.6796875 0.1396 0.0361328125 0.0416
