0 0.5488721804511278 0.6402972027972028 0.4266917293233083 0.15122377622377622
0 0.3458646616541353 0.20236013986013987 0.06484962406015038 0.07255244755244755
0 0.6938439849624061 0.14619755244755245 0.11513157894736842 0.024912587412587412
0 0.12523496240601503 0.6197552447552448 0.0549812030075188 0.19318181818181818
0 0.5852913533834586 0.368006993006993 0.12453007518796992 0.16171328671328672
0 0.7516447368421053 0.17460664335664336 0.11607142857142858 0.0930944055944056
0 0.8658364661654135 0.6689248251748252 0.03712406015037594 0.19624125874125875
0 0.1212406015037594 0.621284965034965 0.06484962406015038 0.1875
0 0.24976503759398497 0.2821241258741259 0.006109022556390977 0.009178321678321678
0 0.2962875939849624 0.1866258741258741 0.1950187969924812 0.11363636363636363
0 0.20159774436090225 0.392263986013986 0.018796992481203006 0.010926573426573426
0 0.8658364661654135 0.6689248251748252 0.03712406015037594 0.19624125874125875
0 0.1212406015037594 0.621284965034965 0.06484962406015038 0.1875
