0 0.5639941154836337 0.33262434554973824 0.13718278778962853 0.11223821989528796
0 0.20044133872747333 0.6632853403141361 0.21552041191614565 0.21858638743455497
0 0.14509010665685915 0.6483965968586387 0.0783376241265171 0.16655759162303665
0 0.18462670099301215 0.6012761780104712 0.09783008458992276 0.10896596858638743
0 0.5783376241265171 0.6487238219895288 0.4343508642883413 0.15674083769633507
0 0.4179845531445384 0.3237892670157068 0.08495770503861713 0.18946335078534032
0 0.3135343876425156 0.5881871727748691 0.1827877896285399 0.14888743455497383
0 0.34828981243104085 0.43848167539267013 0.13902169915410076 0.14136125654450263
0 0.18462670099301215 0.6012761780104712 0.09783008458992276 0.10896596858638743
0 0.3026848105921295 0.5832787958115183 0.17212210371460096 0.16328534031413613
0 0.3135343876425156 0.5881871727748691 0.1827877896285399 0.14888743455497383
0 0.34828981243104085 0.43848167539267013 0.13902169915410076 0.14136125654450263
0 0.34828981243104085 0.43848167539267013 0.13902169915410076 0.14136125654450263
