0 0.4503038194444444 0.28506944444444443 0.08289930555555555 0.10972222222222222
0 0.25 0.16197916666666667 0.1423611111111111 0.07395833333333333
0 0.16319444444444445 0.3171875 0.08940972222222222 0.0920138888888889
0 0.5316840277777778 0.17048611111111112 0.15711805555555555 0.04652777777777778
0 0.6443142361111112 0.38697916666666665 0.05685763888888889 0.06215277777777778
0 0.5314670138888888 0.1753472222222222 0.1488715277777778 0.041666666666666664
0 0.236328125 0.19375 0.20008680555555555 0.09652777777777778
0 0.07530381944444445 0.6633680555555556 0.03428819444444445 0.03715277777777778
0 0.232421875 0.5387152777777777 0.04991319444444445 0.06215277777777778
0 0.5857204861111112 0.45208333333333334 0.14453125 0.05694444444444444
0 0.5670572916666666 0.2342013888888889 0.18359375 0.13020833333333334
0 0.5783420138888888 0.4366319444444444 0.17578125 0.08090277777777778
0 0.2228732638888889 0.36614583333333334 0.18359375 0.35173611111111114
0 0.6629774305555556 0.40607638888888886 0.04383680555555555 0.15729166666666666
0 0.4470486111111111 0.5755208333333334 0.3446180555555556 0.13923611111111112
0 0.2228732638888889 0.36614583333333334 0.18359375 0.35173611111111114
