0 0.3130040322580645 0.30596689895470386 0.3074596774193548 0.19729965156794424
0 0.3944052419354839 0.5472560975609756 0.10433467741935484 0.21559233449477352
0 0.3944052419354839 0.5472560975609756 0.10433467741935484 0.21559233449477352
0 0.8180443548387096 0.4912891986062718 0.1622983870967742 0.21602787456445993
0 0.29889112903225806 0.31968641114982577 0.25806451612903225 0.16898954703832753
0 0.9007056451612904 0.5977787456445993 0.1280241935483871 0.22865853658536586
0 0.31401209677419356 0.3153310104529617 0.3387096774193548 0.20644599303135888
0 0.31401209677419356 0.3153310104529617 0.3387096774193548 0.20644599303135888
0 0.7240423387096774 0.08057491289198607 0.1436491935483871 0.07055749128919861
0 0.828125 0.5174216027874564 0.21975806451612903 0.30139372822299654
0 0.4044858870967742 0.08536585365853659 0.21421370967741934 0.06794425087108014
0 0.31401209677419356 0.3153310104529617 0.3387096774193548 0.20644599303135888
