0 0.13421828908554573 0.7159090909090909 0.03171091445427729 0.060810810810810814
0 0.9133480825958702 0.19133906633906633 0.11356932153392331 0.1246928746928747
0 0.5982669616519174 0.27364864864864863 0.026179941002949854 0.03746928746928747
0 0.5626843657817109 0.2996007371007371 0.1224188790560472 0.12745700245700245
0 0.3414454277286136 0.17475429975429976 0.18584070796460178 0.09336609336609336
0 0.32116519174041297 0.2607493857493858 0.17920353982300885 0.20270270270270271
0 0.32116519174041297 0.2607493857493858 0.17920353982300885 0.20270270270270271
0 0.7075958702064897 0.2397113022113022 0.12094395280235988 0.11701474201474202
0 0.35306047197640117 0.1534090909090909 0.17441002949852508 0.041461916461916465
0 0.13421828908554573 0.7159090909090909 0.03171091445427729 0.060810810810810814
