0 0.3161892361111111 0.14913194444444444 0.12196180555555555 0.10381944444444445
0 0.22743055555555555 0.4161458333333333 0.1579861111111111 0.1517361111111111
0 0.2651909722222222 0.3111111111111111 0.13020833333333334 0.09444444444444444
0 0.2651909722222222 0.3111111111111111 0.13020833333333334 0.09444444444444444
0 0.2677951388888889 0.22951388888888888 0.2265625 0.2923611111111111
0 0.21614583333333334 0.5241319444444444 0.1987847222222222 0.23298611111111112
0 0.4429253472222222 0.5460069444444444 0.3763020833333333 0.09895833333333333
0 0.15342881944444445 0.49322916666666666 0.04296875 0.115625
0 0.265625 0.259375 0.20833333333333334 0.2326388888888889
0 0.6525607638888888 0.2545138888888889 0.015190972222222222 0.009722222222222222
0 0.1558159722222222 0.159375 0.09375 0.14305555555555555
0 0.6731770833333334 0.2911458333333333 0.09461805555555555 0.10034722222222223
0 0.3294270833333333 0.10104166666666667 0.15625 0.05277777777777778
0 0.4967447916666667 0.2467013888888889 0.11848958333333333 0.10173611111111111
0 0.15342881944444445 0.49322916666666666 0.04296875 0.115625
0 0.5713975694444444 0.07847222222222222 0.09331597222222222 0.020833333333333332
0 0.21614583333333334 0.5241319444444444 0.1987847222222222 0.23298611111111112
0 0.16276041666666666 0.5303819444444444 0.11458333333333333 0.06770833333333333
0 0.7105034722222222 0.3390625 0.011284722222222222 0.009375
0 0.6731770833333334 0.2911458333333333 0.09461805555555555 0.10034722222222223
0 0.6325954861111112 0.3095486111111111 0.013454861111111112 0.014930555555555556
0 0.6727430555555556 0.28402777777777777 0.008680555555555556 0.009027777777777777
0 0.2873263888888889 0.15434027777777778 0.06770833333333333 0.07326388888888889
0 0.697265625 0.3151041666666667 0.01171875 0.010069444444444445
