0 0.35224586288416077 0.09124557450917284 0.17831813576494426 0.14901834567106534
0 0.07244174265450862 0.6314773093015771 0.10638297872340426 0.6147409076279369
0 0.5721040189125296 0.37109752172513677 0.12968591691995948 0.11779851947215964
0 0.22948328267477203 0.46363051174766656 0.42586963863559607 0.3401995494045703
0 0.527693346842283 0.5796588348889604 0.3988517392772712 0.17122626327647247
0 0.33603512326916585 0.3817186997103315 0.10401891252955082 0.16028323141293851
0 0.8005741303613644 0.1618925008046347 0.04356636271529889 0.06501448342452526
0 0.33603512326916585 0.3817186997103315 0.10401891252955082 0.16028323141293851
0 0.3253968253968254 0.21355004827808174 0.10368118878757177 0.06404892178950757
0 0.41843971631205673 0.18828451882845187 0.08578183046268152 0.026392018023817188
