0 0.8555726957192441 0.5702451954937044 0.03663709988430389 0.030483764082173626
0 0.23119938295410722 0.40556660039761433 0.1268800617045893 0.02982107355864811
0 0.8532587736212881 0.6020543406229291 0.06594677979174701 0.10205434062292909
0 0.30370227535672967 0.40656063618290256 0.1716158889317393 0.05036447978793903
0 0.37273428461241803 0.176441351888668 0.0929425376012341 0.03346587143803843
0 0.8592364057076745 0.5707422133863486 0.030852294639413805 0.036116633532140494
0 0.8696490551484767 0.87740225314778 0.06864635557269572 0.09343936381709742
0 0.8665638256845353 0.8885023194168323 0.07250289240262245 0.08780649436713055
0 0.08966448129579638 0.8868455931080186 0.06363285769379097 0.08979456593770709
0 0.8555726957192441 0.5702451954937044 0.03663709988430389 0.030483764082173626
0 0.21847281141534902 0.30318091451292245 0.05052063247204011 0.03578528827037773
0 0.08966448129579638 0.8868455931080186 0.06363285769379097 0.08979456593770709
