0 0.29237545565006073 0.32487995198079234 0.20565006075334144 0.22358943577430973
0 0.5539185905224787 0.7442977190876351 0.3921628189550425 0.1362545018007203
0 0.5707776427703524 0.3559423769507803 0.10388821385176185 0.10504201680672269
0 0.28948967193195624 0.694327731092437 0.18043742405832322 0.16596638655462184
0 0.28948967193195624 0.694327731092437 0.18043742405832322 0.16596638655462184
0 0.20185297691373025 0.5352641056422569 0.09325637910085055 0.05312124849939976
0 0.7410388821385177 0.43577430972388953 0.19835965978128797 0.3565426170468187
0 0.2981470230862697 0.5313625450180072 0.19835965978128797 0.4918967587034814
0 0.7736938031591738 0.5186074429771909 0.13547995139732685 0.20168067226890757
0 0.19410692588092346 0.5559723889555822 0.024301336573511544 0.014705882352941176
