0 0.35964566929133857 0.150390625 0.17913385826771652 0.046875
0 0.6893700787401574 0.19108072916666666 0.2748031496062992 0.16145833333333334
0 0.3173228346456693 0.20849609375 0.23070866141732282 0.16634114583333334
0 0.3173228346456693 0.20849609375 0.23070866141732282 0.16634114583333334
0 0.33188976377952756 0.22965494791666666 0.19055118110236222 0.16634114583333334
0 0.6923228346456692 0.21940104166666666 0.25708661417322837 0.15755208333333334
0 0.3173228346456693 0.20849609375 0.23070866141732282 0.16634114583333334
0 0.675984251968504 0.26513671875 0.1968503937007874 0.2744140625
0 0.6923228346456692 0.21940104166666666 0.25708661417322837 0.15755208333333334
0 0.240748031496063 0.2294921875 0.0688976377952756 0.08723958333333333
0 0.675984251968504 0.26513671875 0.1968503937007874 0.2744140625
