0 0.4698350694444444 0.37916666666666665 0.11762152777777778 0.12222222222222222
0 0.4539930555555556 0.6104166666666667 0.3741319444444444 0.14305555555555555
0 0.6519097222222222 0.5246527777777777 0.1753472222222222 0.2611111111111111
0 0.19075520833333334 0.346875 0.18880208333333334 0.21319444444444444
0 0.11870659722222222 0.4097222222222222 0.048177083333333336 0.025694444444444443
0 0.26953125 0.2713541666666667 0.03993055555555555 0.021875
0 0.5824652777777778 0.2760416666666667 0.0859375 0.06180555555555556
0 0.1892361111111111 0.4699652777777778 0.20052083333333334 0.271875
0 0.5824652777777778 0.2760416666666667 0.0859375 0.06180555555555556
0 0.19075520833333334 0.346875 0.18880208333333334 0.21319444444444444
