0 0.30433333333333334 0.468 0.21866666666666668 0.30933333333333335
0 0.30433333333333334 0.468 0.21866666666666668 0.30933333333333335
0 0.6986666666666667 0.5183333333333333 0.214 0.3526666666666667
0 0.6986666666666667 0.5183333333333333 0.214 0.3526666666666667
0 0.5771666666666667 0.5948333333333333 0.3883333333333333 0.259
0 0.5915 0.5785 0.417 0.237
0 0.4876666666666667 0.3471666666666667 0.238 0.421
0 0.30433333333333334 0.468 0.21866666666666668 0.30933333333333335
0 0.7396666666666667 0.5245 0.188 0.36766666666666664
0 0.2815 0.49566666666666664 0.30033333333333334 0.38
0 0.6986666666666667 0.5183333333333333 0.214 0.3526666666666667
