0 0.11231884057971014 0.8714657738095238 0.041666666666666664 0.03757440476190476
0 0.693161231884058 0.30673363095238093 0.08469202898550725 0.10379464285714286
0 0.7085597826086957 0.24534970238095238 0.2269021739130435 0.12313988095238096
0 0.7266757246376812 0.6095610119047619 0.26403985507246375 0.16183035714285715
0 0.23324275362318841 0.29520089285714285 0.08786231884057971 0.12760416666666666
0 0.7085597826086957 0.24534970238095238 0.2269021739130435 0.12313988095238096
0 0.7085597826086957 0.24534970238095238 0.2269021739130435 0.12313988095238096
0 0.23324275362318841 0.29520089285714285 0.08786231884057971 0.12760416666666666
0 0.723052536231884 0.6545758928571429 0.37907608695652173 0.35453869047619047
0 0.3235960144927536 0.28273809523809523 0.2441123188405797 0.16666666666666666
0 0.7346014492753623 0.44140625 0.29528985507246375 0.41257440476190477
0 0.7076539855072463 0.23567708333333334 0.129981884057971 0.10081845238095238
0 0.5912590579710145 0.3353794642857143 0.11730072463768115 0.10602678571428571
0 0.11231884057971014 0.8714657738095238 0.041666666666666664 0.03757440476190476
0 0.5801630434782609 0.6318824404761905 0.4329710144927536 0.17894345238095238
