0 0.6413002630590003 0.3939972241498959 0.0680195415257422 0.06835530881332408
0 0.2846674182638106 0.7362942401110341 0.15069522735813604 0.1825121443442054
0 0.7718902668169861 0.7787994448299792 0.1375422773393461 0.14816099930603746
0 0.3840661405486659 0.30933379597501737 0.16760616309658025 0.2494795281054823
0 0.11818865088312665 0.9304302567661347 0.06576475009394964 0.1051353226925746
0 0.8229988726042841 0.7800138792505205 0.08042089440060128 0.24427480916030533
0 0.8117249154453213 0.7970159611380986 0.12025554302893648 0.19014573213046496
0 0.7500939496429914 0.618147120055517 0.2224727546035325 0.25711311589174185
0 0.40755355129650506 0.14816099930603746 0.16046599022923713 0.047883414295628035
0 0.6850807966929726 0.17817487855655795 0.11574596016535137 0.03018736988202637
0 0.26230740323186774 0.7069743233865371 0.13002630590003758 0.27168632893823735
0 0.3840661405486659 0.30933379597501737 0.16760616309658025 0.2494795281054823
0 0.740511086057873 0.28140180430256767 0.14768883878241262 0.10478834142956281
0 0.7444569710635099 0.6138098542678695 0.2224727546035325 0.2498265093684941
0 0.7438932732055619 0.6165857043719639 0.22134535888763623 0.24288688410825815
0 0.11818865088312665 0.9304302567661347 0.06576475009394964 0.1051353226925746
0 0.6240135287485907 0.40943789035392086 0.09958662157083803 0.11034004163775156
