0 0.7271706586826348 0.7005271695052717 0.04715568862275449 0.03852392538523925
0 0.5194610778443114 0.33880778588807786 0.10553892215568862 0.11962692619626926
0 0.3570359281437126 0.7433090024330901 0.021706586826347306 0.025141930251419302
0 0.15662425149700598 0.6707218167072182 0.031062874251497005 0.035685320356853206
0 0.3319610778443114 0.681265206812652 0.04341317365269461 0.0454176804541768
0 0.6912425149700598 0.5879967558799676 0.02470059880239521 0.0227088402270884
0 0.7601047904191617 0.6613949716139497 0.021706586826347306 0.0202757502027575
0 0.2460703592814371 0.3448905109489051 0.024326347305389222 0.025547445255474453
0 0.17533682634730538 0.6208434712084347 0.02881736526946108 0.025141930251419302
0 0.6916167664670658 0.379764801297648 0.020209580838323353 0.01824817518248175
