0 0.2552083333333333 0.5572916666666666 0.16493055555555555 0.04722222222222222
0 0.2925347222222222 0.5529513888888888 0.12239583333333333 0.028819444444444446
0 0.8309461805555556 0.5725694444444445 0.13585069444444445 0.09027777777777778
0 0.1605902777777778 0.5822916666666667 0.06510416666666667 0.08958333333333333
0 0.8309461805555556 0.5725694444444445 0.13585069444444445 0.09027777777777778
0 0.5598958333333334 0.3734375 0.14583333333333334 0.08645833333333333
0 0.2925347222222222 0.5529513888888888 0.12239583333333333 0.028819444444444446
0 0.9008246527777778 0.5944444444444444 0.045572916666666664 0.08611111111111111
0 0.16905381944444445 0.5793402777777777 0.1037326388888889 0.09895833333333333
0 0.2398003472222222 0.5692708333333333 0.1957465277777778 0.11076388888888888
0 0.9008246527777778 0.5944444444444444 0.045572916666666664 0.08611111111111111
0 0.8411458333333334 0.5609375 0.10850694444444445 0.035069444444444445
0 0.5622829861111112 0.5644097222222222 0.4440104166666667 0.09895833333333333
