0 0.2575954861111111 0.26875 0.18272569444444445 0.12916666666666668
0 0.2437065972222222 0.30399305555555556 0.2513020833333333 0.21770833333333334
0 0.7491319444444444 0.4234375 0.024305555555555556 0.021180555555555557
0 0.2842881944444444 0.20868055555555556 0.18489583333333334 0.06319444444444444
0 0.2437065972222222 0.30399305555555556 0.2513020833333333 0.21770833333333334
0 0.119140625 0.6295138888888889 0.0724826388888889 0.05277777777777778
0 0.7404513888888888 0.4263888888888889 0.04861111111111111 0.025694444444444443
0 0.07139756944444445 0.7663194444444444 0.03689236111111111 0.03819444444444445
0 0.1267361111111111 0.7720486111111111 0.17708333333333334 0.05520833333333333
0 0.1267361111111111 0.7720486111111111 0.17708333333333334 0.05520833333333333
