0 0.8181657848324515 0.7394366197183099 0.1308641975308642 0.0710093896713615
0 0.25132275132275134 0.6286678403755869 0.29241622574955906 0.46566901408450706
0 0.5871252204585538 0.6650528169014085 0.4292768959435626 0.2056924882629108
0 0.5881834215167548 0.3783744131455399 0.10970017636684304 0.11120892018779342
0 0.3379188712522046 0.3075117370892019 0.24973544973544973 0.24471830985915494
0 0.25590828924162257 0.588174882629108 0.21904761904761905 0.10299295774647887
0 0.13527336860670194 0.545774647887324 0.07160493827160494 0.2476525821596244
0 0.8417989417989418 0.7186032863849765 0.09417989417989418 0.13380281690140844
0 0.29365079365079366 0.43485915492957744 0.20423280423280424 0.1255868544600939
0 0.25590828924162257 0.588174882629108 0.21904761904761905 0.10299295774647887
0 0.8335097001763668 0.7191901408450704 0.10934744268077601 0.15316901408450703
0 0.4160493827160494 0.3217429577464789 0.11534391534391535 0.21097417840375587
