0 0.69970703125 0.4759114583333333 0.16373697916666666 0.3984375
0 0.3460286458333333 0.47021484375 0.185546875 0.3733723958333333
0 0.69970703125 0.4759114583333333 0.16373697916666666 0.3984375
0 0.76806640625 0.7532552083333334 0.0341796875 0.055989583333333336
0 0.2571614583333333 0.78515625 0.044270833333333336 0.055989583333333336
0 0.69970703125 0.4759114583333333 0.16373697916666666 0.3984375
0 0.3427734375 0.4850260416666667 0.20182291666666666 0.5384114583333334
0 0.3460286458333333 0.47021484375 0.185546875 0.3733723958333333
0 0.2571614583333333 0.78515625 0.044270833333333336 0.055989583333333336
0 0.76806640625 0.7532552083333334 0.0341796875 0.055989583333333336
