0 0.2214210341188885 0.47004744958481615 0.06577558916637355 0.0634638196915777
0 0.25536405205768553 0.7443653618030842 0.3629968343299332 0.0468564650059312
0 0.25993668659866337 0.44083629893238435 0.4952514948997538 0.3733689205219454
0 0.09110094970102005 0.5140865954922894 0.16039395005276116 0.8312574139976275
0 0.1438621174815336 0.26586595492289444 0.05909250791417517 0.10290628706998814
0 0.11941610974322898 0.7372479240806643 0.06296166021807949 0.0711743772241993
0 0.5842419978895533 0.2947805456702254 0.13506858951811468 0.11862396204033215
0 0.5782623988744284 0.6069098457888493 0.42279282448118183 0.14086595492289442
0 0.11941610974322898 0.7372479240806643 0.06296166021807949 0.0711743772241993
0 0.2697854379176926 0.42408066429418745 0.3552585297221245 0.5966785290628707
0 0.49138234259584945 0.07962633451957295 0.7632782272247626 0.0898576512455516
0 0.3153359127682026 0.4873962040332147 0.17833274709813576 0.1396797153024911
