0 0.3082776540460282 0.2817394201932689 0.02635486265775798 0.023658780406531157
0 0.30011135857461024 0.26941019660113297 0.04714179658500371 0.046317894035321557
0 0.2674461766889384 0.6504498500499833 0.02783964365256125 0.01599466844385205
0 0.23589458054936896 0.38670443185604797 0.13103192279138828 0.05498167277574142
0 0.3103192279138827 0.29290236587804064 0.08908685968819599 0.10263245584805065
0 0.6529324424647365 0.2782405864711763 0.034892353377876766 0.10063312229256914
0 0.25631031922791386 0.46301232922359215 0.027097253155159613 0.026991002999000334
0 0.5438010393466963 0.3790403198933689 0.09057164068299926 0.11096301232922359
0 0.5317371937639198 0.6716094635121627 0.3841870824053452 0.1036321226257914
0 0.22420193021529325 0.489836721092969 0.08537490720118783 0.07997334221926025
