0 0.5828450520833334 0.3527018229166667 0.0966796875 0.09537760416666667
0 0.7542317708333334 0.5525716145833334 0.1015625 0.16243489583333334
0 0.6033528645833334 0.62939453125 0.3473307291666667 0.1181640625
0 0.3419596354166667 0.2941080729166667 0.036783854166666664 0.032877604166666664
0 0.7542317708333334 0.5525716145833334 0.1015625 0.16243489583333334
0 0.7281901041666666 0.20231119791666666 0.054036458333333336 0.060221354166666664
0 0.3382161458333333 0.2950846354166667 0.041015625 0.044596354166666664
0 0.7542317708333334 0.5525716145833334 0.1015625 0.16243489583333334
0 0.8513997395833334 0.7138671875 0.0361328125 0.059895833333333336
0 0.853515625 0.6315104166666666 0.06380208333333333 0.21940104166666666
0 0.7151692708333334 0.56103515625 0.1640625 0.1474609375
0 0.8513997395833334 0.7138671875 0.0361328125 0.059895833333333336
