0 0.28115615615615613 0.4139662994167207 0.33183183183183185 0.4747245625405055
0 0.7832207207207207 0.6939403758911212 0.16554054054054054 0.07939079714841218
0 0.517454954954955 0.7723590408295529 0.44707207207207206 0.14679196370706415
0 0.5711336336336337 0.4207712248865846 0.140015015015015 0.13836681788723265
0 0.2877252252252252 0.39241736876215166 0.31043543543543545 0.31821127673363575
0 0.26238738738738737 0.3360337005832793 0.25900900900900903 0.21775761503564484
0 0.20195195195195195 0.46937783538561245 0.18768768768768768 0.04893065456902139
0 0.11524024024024024 0.7757615035644848 0.1006006006006006 0.07647440051847051
0 0.08708708708708708 0.7606934543097861 0.05855855855855856 0.15780946208684382
0 0.7790915915915916 0.6928062216461439 0.140015015015015 0.07453013609850939
0 0.28115615615615613 0.4139662994167207 0.33183183183183185 0.4747245625405055
0 0.3577327327327327 0.4756966947504861 0.13963963963963963 0.1574854180168503
0 0.24737237237237236 0.34283862605314325 0.2695195195195195 0.33506156837329876
