0 0.05967682702901212 0.9147435897435897 0.04296731546088873 0.075
0 0.7537642306279838 0.5017628205128205 0.21997796547925083 0.32083333333333336
0 0.2185089974293059 0.43157051282051284 0.07344840249724569 0.04262820512820513
0 0.8277634961439588 0.43028846153846156 0.1226588321704003 0.14198717948717948
0 0.3654058024237973 0.5072115384615384 0.1226588321704003 0.21506410256410258
0 0.3654058024237973 0.5072115384615384 0.1226588321704003 0.21506410256410258
0 0.20767535806096218 0.4342948717948718 0.10246052148365772 0.06602564102564103
0 0.8674256334924716 0.8333333333333334 0.11017260374586853 0.09743589743589744
0 0.05710613294160852 0.9116987179487179 0.04884318766066838 0.052243589743589745
0 0.8674256334924716 0.8333333333333334 0.11017260374586853 0.09743589743589744
0 0.7811237605582079 0.6049679487179487 0.237972824091076 0.20673076923076922
0 0.7537642306279838 0.5017628205128205 0.21997796547925083 0.32083333333333336
0 0.2210796915167095 0.4387820512820513 0.08373117884686009 0.04551282051282051
