0 0.25813241484883276 0.18419301164725457 0.2613853807883659 0.11613976705490849
0 0.25985457328740913 0.34043261231281197 0.20359739762724838 0.21164725457570716
0 0.7286643704554152 0.40232945091514144 0.26942212016838885 0.33943427620632277
0 0.7248373517030233 0.3963394342762063 0.31917336394948337 0.33477537437603994
0 0.26521239954075776 0.3141430948419301 0.2977420589360888 0.2762063227953411
0 0.26521239954075776 0.3141430948419301 0.2977420589360888 0.2762063227953411
0 0.40929965556831227 0.23211314475873543 0.09758897818599312 0.24725457570715476
0 0.7248373517030233 0.3963394342762063 0.31917336394948337 0.33477537437603994
0 0.25985457328740913 0.34043261231281197 0.20359739762724838 0.21164725457570716
0 0.7774588595484118 0.4454242928452579 0.14810562571756603 0.053577371048252914
0 0.27898966704936856 0.20249584026622297 0.16609261385380789 0.11880199667221297
