0 0.5377604166666666 0.3030598958333333 0.09375 0.1171875
0 0.55126953125 0.5895182291666666 0.3173828125 0.099609375
0 0.3111979166666667 0.26708984375 0.08723958333333333 0.0751953125
0 0.3111979166666667 0.26708984375 0.08723958333333333 0.0751953125
0 0.67724609375 0.4798177083333333 0.1962890625 0.3268229166666667
0 0.2708333333333333 0.462890625 0.0625 0.3131510416666667
0 0.3675130208333333 0.17154947916666666 0.11848958333333333 0.047526041666666664
0 0.2840169270833333 0.6188151041666666 0.09798177083333333 0.16536458333333334
0 0.3828125 0.14811197916666666 0.08463541666666667 0.014322916666666666
0 0.2685546875 0.6031901041666666 0.061197916666666664 0.09895833333333333
0 0.3484700520833333 0.3736979166666667 0.1943359375 0.4440104166666667
0 0.3307291666666667 0.625 0.19140625 0.11458333333333333
0 0.5979817708333334 0.13248697916666666 0.10416666666666667 0.029947916666666668
