0 0.8658854166666666 0.8206597222222223 0.08246527777777778 0.115625
0 0.705078125 0.2232638888888889 0.1349826388888889 0.09513888888888888
0 0.3355034722222222 0.42916666666666664 0.2578125 0.3958333333333333
0 0.24696180555555555 0.36041666666666666 0.019965277777777776 0.013888888888888888
0 0.7065972222222222 0.33697916666666666 0.22916666666666666 0.32048611111111114
0 0.2682291666666667 0.5381944444444444 0.025173611111111112 0.018055555555555554
0 0.7777777777777778 0.33697916666666666 0.09114583333333333 0.050347222222222224
0 0.3107638888888889 0.36944444444444446 0.019965277777777776 0.021527777777777778
0 0.2378472222222222 0.38819444444444445 0.022569444444444444 0.018055555555555554
0 0.8782552083333334 0.8166666666666667 0.05859375 0.06944444444444445
