0 0.3048365122615804 0.33017015706806285 0.24318801089918257 0.1649214659685864
0 0.3581403269754768 0.20598821989528796 0.20946866485013624 0.143651832460733
0 0.7482970027247956 0.4270287958115183 0.18732970027247955 0.3494764397905759
0 0.30977520435967304 0.3390052356020942 0.24557220708446867 0.18455497382198952
0 0.8199931880108992 0.4350458115183246 0.026226158038147138 0.08409685863874346
0 0.29666212534059944 0.3568390052356021 0.20572207084468666 0.09784031413612565
0 0.27622615803814715 0.3484947643979058 0.042915531335149866 0.03926701570680628
0 0.7535762942779292 0.431446335078534 0.18358310626702998 0.3105366492146597
0 0.7535762942779292 0.431446335078534 0.18358310626702998 0.3105366492146597
0 0.27622615803814715 0.3484947643979058 0.042915531335149866 0.03926701570680628
0 0.29666212534059944 0.3568390052356021 0.20572207084468666 0.09784031413612565
0 0.29666212534059944 0.3568390052356021 0.20572207084468666 0.09784031413612565
0 0.7482970027247956 0.4270287958115183 0.18732970027247955 0.3494764397905759
0 0.3189713896457766 0.21596858638743455 0.2012942779291553 0.09816753926701571
