0 0.5215654952076677 0.2627151051625239 0.6589456869009584 0.3204588910133843
0 0.3284744408945687 0.2208413001912046 0.2384185303514377 0.2711281070745698
0 0.6797124600638977 0.17705544933078393 0.18370607028753994 0.1812619502868069
0 0.2480031948881789 0.5066921606118547 0.19249201277955272 0.14378585086042064
0 0.3168929712460064 0.12294455066921606 0.1369808306709265 0.0791586998087954
0 0.5215654952076677 0.2627151051625239 0.6589456869009584 0.3204588910133843
0 0.2480031948881789 0.5066921606118547 0.19249201277955272 0.14378585086042064
0 0.3284744408945687 0.2208413001912046 0.2384185303514377 0.2711281070745698
0 0.5215654952076677 0.2627151051625239 0.6589456869009584 0.3204588910133843
0 0.696685303514377 0.23938814531548758 0.2176517571884984 0.227151051625239
0 0.5215654952076677 0.2627151051625239 0.6589456869009584 0.3204588910133843
0 0.5365415335463258 0.3202676864244742 0.23282747603833867 0.2435946462715105
0 0.5215654952076677 0.2627151051625239 0.6589456869009584 0.3204588910133843
0 0.696685303514377 0.23938814531548758 0.2176517571884984 0.227151051625239
