0 0.748742746615087 0.4219585561497326 0.023597678916827854 0.023061497326203207
0 0.19032882011605415 0.7087232620320856 0.15241779497098645 0.029745989304812835
0 0.3191489361702128 0.6796457219251337 0.20657640232108318 0.16945187165775402
0 0.578916827852998 0.4244652406417112 0.13191489361702127 0.12366310160427807
0 0.2771760154738878 0.2957887700534759 0.13733075435203096 0.02874331550802139
0 0.23500967117988394 0.777072192513369 0.3090909090909091 0.16310160427807488
0 0.9042553191489362 0.8783422459893048 0.0700193423597679 0.1463903743315508
0 0.15570599613152805 0.7331216577540107 0.1381044487427466 0.1106283422459893
0 0.9042553191489362 0.8783422459893048 0.0700193423597679 0.1463903743315508
0 0.15570599613152805 0.7331216577540107 0.1381044487427466 0.1106283422459893
