0 0.3771825396825397 0.7452176781002638 0.05357142857142857 0.0009894459102902375
0 0.8430555555555556 0.5135224274406333 0.1376984126984127 0.10554089709762533
0 0.8226190476190476 0.39297493403693934 0.1761904761904762 0.07420844327176782
0 0.39087301587301587 0.47312005277044855 0.3007936507936508 0.6639182058047494
0 0.7841269841269841 0.4744393139841689 0.2865079365079365 0.6520448548812665
0 0.3740079365079365 0.3867084432717678 0.1765873015873016 0.1658970976253298
0 0.682936507936508 0.35108839050131924 0.04206349206349207 0.05837730870712401
0 0.368452380952381 0.6355540897097626 0.29642857142857143 0.19788918205804748
0 0.7841269841269841 0.4744393139841689 0.2865079365079365 0.6520448548812665
0 0.8797619047619047 0.7376319261213721 0.15714285714285714 0.10718997361477572
0 0.39087301587301587 0.47312005277044855 0.3007936507936508 0.6639182058047494
0 0.7841269841269841 0.4744393139841689 0.2865079365079365 0.6520448548812665
0 0.37162698412698414 0.7612137203166227 0.30833333333333335 0.12203166226912929
0 0.3827380952380952 0.7287269129287599 0.31785714285714284 0.15864116094986808
