0 0.6363636363636364 0.15636424061149884 0.07666214382632293 0.07942838152210037
0 0.5512211668928086 0.30109670987038883 0.1010854816824966 0.09770687936191426
0 0.26424694708276797 0.39514788966434033 0.2462686567164179 0.2851445663010967
0 0.8483717774762551 0.8424725822532403 0.07666214382632293 0.1282818212030575
0 0.8483717774762551 0.8424725822532403 0.07666214382632293 0.1282818212030575
0 0.7282903663500678 0.3976404120970422 0.17978290366350066 0.13791957460950482
0 0.6590909090909091 0.161847789963443 0.06716417910447761 0.049850448654037885
0 0.26424694708276797 0.39514788966434033 0.2462686567164179 0.2851445663010967
0 0.6590909090909091 0.161847789963443 0.06716417910447761 0.049850448654037885
0 0.26424694708276797 0.39514788966434033 0.2462686567164179 0.2851445663010967
0 0.716248303934871 0.39348620804253903 0.19436906377204885 0.17281488866733133
0 0.27866350067842605 0.4109338650714523 0.22896879240162823 0.23363243602525757
0 0.7282903663500678 0.3976404120970422 0.17978290366350066 0.13791957460950482
