0 0.5503472222222222 0.6409722222222223 0.3723958333333333 0.11458333333333333
0 0.7378472222222222 0.6425347222222222 0.0798611111111111 0.08645833333333333
0 0.5188802083333334 0.4401041666666667 0.1228298611111111 0.10798611111111112
0 0.7497829861111112 0.41336805555555556 0.2565104166666667 0.5399305555555556
0 0.2404513888888889 0.5161458333333333 0.1423611111111111 0.03993055555555555
0 0.7209201388888888 0.5208333333333334 0.06770833333333333 0.19444444444444445
0 0.1293402777777778 0.6946180555555556 0.06336805555555555 0.050347222222222224
0 0.8283420138888888 0.7076388888888889 0.040364583333333336 0.06458333333333334
0 0.1323784722222222 0.6838541666666667 0.04774305555555555 0.08645833333333333
0 0.8283420138888888 0.7076388888888889 0.040364583333333336 0.06458333333333334
0 0.7326388888888888 0.5618055555555556 0.06510416666666667 0.2388888888888889
0 0.7471788194444444 0.6595486111111111 0.022135416666666668 0.033680555555555554
