0 0.1889763779527559 0.6650390625 0.029133858267716535 0.033854166666666664
0 0.8557086614173228 0.6964518229166666 0.05236220472440945 0.1220703125
0 0.7393700787401575 0.2809244791666667 0.18031496062992125 0.18684895833333334
0 0.7458661417322835 0.49365234375 0.11614173228346457 0.12662760416666666
0 0.843503937007874 0.3351236979166667 0.02716535433070866 0.025065104166666668
0 0.7265748031496063 0.24267578125 0.03503937007874016 0.025716145833333332
0 0.6486220472440944 0.1572265625 0.12401574803149606 0.057942708333333336
0 0.7285433070866142 0.21321614583333334 0.19330708661417323 0.107421875
0 0.7887795275590551 0.5880533854166666 0.10196850393700788 0.12076822916666667
0 0.8267716535433071 0.7096354166666666 0.1110236220472441 0.17708333333333334
