0 0.42481884057971014 0.28218005952380953 0.09873188405797101 0.07552083333333333
0 0.37930253623188404 0.34951636904761907 0.08288043478260869 0.044270833333333336
0 0.3448822463768116 0.3625372023809524 0.16893115942028986 0.24516369047619047
0 0.801177536231884 0.4880952380952381 0.08423913043478261 0.052083333333333336
0 0.8344655797101449 0.4601934523809524 0.06023550724637681 0.03794642857142857
0 0.4495018115942029 0.4966517857142857 0.05570652173913043 0.043154761904761904
0 0.30932971014492755 0.3776041666666667 0.050724637681159424 0.052083333333333336
0 0.8355978260869565 0.8472842261904762 0.044384057971014496 0.028645833333333332
0 0.36752717391304346 0.34561011904761907 0.20697463768115942 0.22470238095238096
0 0.9001358695652174 0.6603422619047619 0.04121376811594203 0.023065476190476192
0 0.8197463768115942 0.4185267857142857 0.02717391304347826 0.021577380952380952
0 0.7934782608695652 0.5327380952380952 0.02717391304347826 0.022321428571428572
0 0.8226902173913043 0.46372767857142855 0.11277173913043478 0.09933035714285714
0 0.8226902173913043 0.46372767857142855 0.11277173913043478 0.09933035714285714
