0 0.6967689822294023 0.3193136957181901 0.16445880452342487 0.1873671424233222
0 0.3072697899838449 0.20528393562101427 0.14474959612277868 0.07045247494685697
0 0.32568659127625205 0.21150926207105983 0.14668820678513733 0.10658973580321895
0 0.6289176090468498 0.19101123595505617 0.17996768982229402 0.11175220163984209
0 0.12003231017770598 0.8147585788035226 0.04426494345718902 0.055876100819921046
0 0.6381260096930533 0.21864561190403886 0.19709208400646203 0.16398420892802915
0 0.6381260096930533 0.21864561190403886 0.19709208400646203 0.16398420892802915
0 0.7224555735056543 0.32645004555116913 0.11243941841680129 0.17066504706954144
0 0.6967689822294023 0.3193136957181901 0.16445880452342487 0.1873671424233222
0 0.12003231017770598 0.8147585788035226 0.04426494345718902 0.055876100819921046
