0 0.21425359712230216 0.5358072916666666 0.13624100719424462 0.14192708333333334
0 0.5485611510791367 0.3818359375 0.15377697841726617 0.14518229166666666
0 0.22482014388489208 0.76123046875 0.20503597122302158 0.0537109375
0 0.31744604316546765 0.15169270833333334 0.10071942446043165 0.024088541666666668
0 0.18997302158273383 0.60546875 0.1452338129496403 0.12825520833333334
0 0.7677607913669064 0.505859375 0.15692446043165467 0.287109375
0 0.1477068345323741 0.4371744791666667 0.07419064748201439 0.111328125
0 0.38264388489208634 0.302734375 0.08633093525179857 0.18424479166666666
0 0.18997302158273383 0.60546875 0.1452338129496403 0.12825520833333334
0 0.1618705035971223 0.4371744791666667 0.10071942446043165 0.09114583333333333
0 0.22482014388489208 0.76123046875 0.20503597122302158 0.0537109375
0 0.7648381294964028 0.51904296875 0.1564748201438849 0.2991536458333333
0 0.22122302158273383 0.5296223958333334 0.26258992805755393 0.306640625
