0 0.2784288194444444 0.2595486111111111 0.12890625 0.05590277777777778
0 0.3446180555555556 0.48072916666666665 0.1293402777777778 0.09965277777777778
0 0.6866319444444444 0.5118055555555555 0.2777777777777778 0.5298611111111111
0 0.5629340277777778 0.4456597222222222 0.10590277777777778 0.15729166666666666
0 0.2786458333333333 0.38298611111111114 0.2725694444444444 0.26319444444444445
0 0.6859809027777778 0.3182291666666667 0.2365451388888889 0.18090277777777777
0 0.8109809027777778 0.8970486111111111 0.03602430555555555 0.05590277777777778
0 0.11848958333333333 0.8269097222222223 0.04513888888888889 0.10451388888888889
0 0.7751736111111112 0.3128472222222222 0.057291666666666664 0.06180555555555556
0 0.2816840277777778 0.4732638888888889 0.2881944444444444 0.46041666666666664
0 0.22938368055555555 0.7993055555555556 0.23046875 0.1111111111111111
