0 0.7793216183081324 0.5394096659098281 0.15120555782590928 0.10444372364579954
0 0.23375561912545975 0.6018488485241648 0.30159378831221906 0.3078170613039247
0 0.43420514916223946 0.36895880635744405 0.0894973436861463 0.1313655530327603
0 0.20044953003677973 0.8259811871553682 0.29546383326522274 0.10541680181641258
0 0.414997956681651 0.41485566007135904 0.14017163874131588 0.26921829386960755
0 0.8124233755619126 0.6662341874797275 0.06620351450756028 0.03762568926370419
0 0.7472415202288517 0.16785598443074928 0.11973845525132816 0.03600389231268245
0 0.8663669799754802 0.6834252351605579 0.05557825909276665 0.04800518975024327
0 0.3418471597874949 0.16234187479727538 0.14589293011851245 0.02432695426532598
0 0.33142623620760114 0.6878040869283166 0.06129955046996322 0.04768083036003892
0 0.414997956681651 0.41485566007135904 0.14017163874131588 0.26921829386960755
0 0.20984879444217408 0.6587739215050276 0.05353494074376788 0.03308465780084333
0 0.32161830813240705 0.6492053194939994 0.06293420514916225 0.056762893285760625
0 0.1945239068246833 0.5377878689588064 0.03841438496117695 0.029192345118391177
0 0.2560277891295464 0.48475510866039573 0.3943604413567634 0.5893610120012974
