0 0.23825301204819277 0.49981153411232565 0.09698795180722891 0.28043724085940447
0 0.33463855421686745 0.6200527704485488 0.16626506024096385 0.11911044101017716
0 0.33463855421686745 0.6200527704485488 0.16626506024096385 0.11911044101017716
0 0.5656626506024096 0.7086317376554844 0.3746987951807229 0.14700339238597815
0 0.5590361445783133 0.39521296645307197 0.09036144578313253 0.12024123633622315
0 0.29186746987951806 0.340557859027516 0.1789156626506024 0.4044477949491142
0 0.22801204819277107 0.6880889558989823 0.10180722891566266 0.10064078401809272
0 0.29382530120481926 0.6652845834903882 0.2063253012048193 0.3234074632491519
0 0.22801204819277107 0.6880889558989823 0.10180722891566266 0.10064078401809272
0 0.3240963855421687 0.527892951375801 0.13012048192771083 0.20618168111571805
0 0.31626506024096385 0.3077647945721824 0.08012048192771085 0.19035054655107425
0 0.36069277108433734 0.4445910290237467 0.11837349397590362 0.06897851488880513
