0 0.38425925925925924 0.16136959370904325 0.1292270531400966 0.0828964613368283
0 0.8172302737520128 0.5399737876802096 0.10466988727858294 0.14154652686762778
0 0.24134460547504025 0.3396133682830931 0.2177938808373591 0.2408256880733945
0 0.11755233494363929 0.7899737876802096 0.05958132045088567 0.0399737876802097
0 0.07709339774557165 0.8387942332896461 0.09943639291465378 0.09698558322411534
0 0.801731078904992 0.790956749672346 0.0535426731078905 0.05307994757536042
0 0.27898550724637683 0.7113368283093053 0.0249597423510467 0.02490170380078637
0 0.3476247987117552 0.12237876802096985 0.10426731078904992 0.015399737876802096
0 0.8468196457326892 0.28423984272608127 0.03904991948470209 0.03636959370904325
0 0.6342592592592593 0.3953145478374836 0.10829307568438003 0.06716906946264745
0 0.8303140096618358 0.5334207077326344 0.14774557165861513 0.15334207077326342
0 0.055958132045088566 0.8609108781127129 0.06280193236714976 0.07830930537352555
0 0.8266908212560387 0.5150720838794234 0.15177133655394526 0.22083879423328964
