0 0.13402625820568928 0.8315727699530516 0.12727935813274982 0.04636150234741784
0 0.08479212253829321 0.8340669014084507 0.05142231947483589 0.03726525821596244
0 0.2587527352297593 0.8708920187793427 0.38694383661560905 0.11384976525821597
0 0.08479212253829321 0.8340669014084507 0.05142231947483589 0.03726525821596244
0 0.43307804522246535 0.23327464788732394 0.16593727206418674 0.1936619718309859
0 0.13402625820568928 0.8315727699530516 0.12727935813274982 0.04636150234741784
0 0.37800875273522977 0.42180164319248825 0.15207877461706784 0.26848591549295775
0 0.7560175054704595 0.2624706572769953 0.1925601750547046 0.18632629107981222
0 0.3862144420131291 0.3591549295774648 0.16192560175054704 0.40199530516431925
0 0.7560175054704595 0.2624706572769953 0.1925601750547046 0.18632629107981222
0 0.2727935813274982 0.4592136150234742 0.40043763676148797 0.7106807511737089
