0 0.31122047244094486 0.5750325520833334 0.23818897637795275 0.10709635416666667
0 0.7828740157480315 0.5828450520833334 0.09330708661417322 0.1298828125
0 0.7828740157480315 0.5828450520833334 0.09330708661417322 0.1298828125
0 0.2929133858267717 0.5716145833333334 0.2031496062992126 0.10546875
0 0.31122047244094486 0.5750325520833334 0.23818897637795275 0.10709635416666667
0 0.7840551181102362 0.5929361979166666 0.10590551181102362 0.1396484375
0 0.5905511811023622 0.2962239583333333 0.12125984251968504 0.10091145833333333
0 0.8033464566929134 0.5973307291666666 0.10118110236220472 0.12825520833333334
0 0.3232283464566929 0.5377604166666666 0.2574803149606299 0.173828125
0 0.7828740157480315 0.5828450520833334 0.09330708661417322 0.1298828125
0 0.3232283464566929 0.5377604166666666 0.2574803149606299 0.173828125
