0 0.2406684027777778 0.44461805555555556 0.2703993055555556 0.38298611111111114
0 0.5405815972222222 0.38333333333333336 0.11848958333333333 0.09930555555555555
0 0.2476128472222222 0.5107638888888889 0.2669270833333333 0.3888888888888889
0 0.09136284722222222 0.7574652777777777 0.04991319444444445 0.13159722222222223
0 0.20572916666666666 0.6777777777777778 0.1796875 0.06805555555555555
0 0.18424479166666666 0.5633680555555556 0.0959201388888889 0.08298611111111111
0 0.20572916666666666 0.6777777777777778 0.1796875 0.06805555555555555
0 0.3704427083333333 0.21979166666666666 0.07942708333333333 0.025
0 0.5802951388888888 0.6876736111111111 0.4618055555555556 0.17465277777777777
0 0.09136284722222222 0.7574652777777777 0.04991319444444445 0.13159722222222223
0 0.05078125 0.5607638888888888 0.08854166666666667 0.5430555555555555
0 0.2406684027777778 0.44461805555555556 0.2703993055555556 0.38298611111111114
