0 0.7705078125 0.7991536458333334 0.037760416666666664 0.059895833333333336
0 0.7145182291666666 0.65576171875 0.14583333333333334 0.0380859375
0 0.19482421875 0.7669270833333334 0.035481770833333336 0.048177083333333336
0 0.7281901041666666 0.6775716145833334 0.095703125 0.1689453125
0 0.3115234375 0.4607747395833333 0.1484375 0.2470703125
0 0.3115234375 0.4607747395833333 0.1484375 0.2470703125
0 0.7281901041666666 0.6775716145833334 0.095703125 0.1689453125
0 0.27392578125 0.3084309895833333 0.06673177083333333 0.2138671875
0 0.3115234375 0.4607747395833333 0.1484375 0.2470703125
0 0.7263997395833334 0.7073567708333334 0.0849609375 0.07552083333333333
0 0.19482421875 0.7669270833333334 0.035481770833333336 0.048177083333333336
0 0.7705078125 0.7991536458333334 0.037760416666666664 0.059895833333333336
0 0.27392578125 0.3084309895833333 0.06673177083333333 0.2138671875
0 0.7281901041666666 0.6775716145833334 0.095703125 0.1689453125
