0 0.2242248062015504 0.75 0.10193798449612403 0.05625879043600562
0 0.5827519379844961 0.3662095639943741 0.14612403100775193 0.17264416315049227
0 0.2812015503875969 0.30520393811533053 0.019767441860465116 0.02109704641350211
0 0.5558139534883721 0.6925105485232067 0.4077519379844961 0.1810829817158931
0 0.19728682170542636 0.37464838255977495 0.04573643410852713 0.03621659634317862
0 0.31492248062015504 0.35056258790436007 0.015116279069767442 0.011251758087201125
0 0.2689922480620155 0.29465541490857944 0.05736434108527132 0.04852320675105485
0 0.31937984496124033 0.2280239099859353 0.03255813953488372 0.03410689170182841
0 0.2796511627906977 0.30414908579465544 0.023643410852713178 0.020393811533052038
0 0.7112403100775194 0.31733473980309423 0.11317829457364341 0.14240506329113925
0 0.661046511627907 0.18618143459915612 0.02441860465116279 0.03270042194092827
0 0.775968992248062 0.7830520393811533 0.09224806201550388 0.03938115330520394
0 0.37170542635658915 0.16736990154711673 0.1310077519379845 0.04430379746835443
0 0.775968992248062 0.7830520393811533 0.09224806201550388 0.03938115330520394
