0 0.296630859375 0.3578 0.16748046875 0.1572
0 0.3095703125 0.6116 0.1220703125 0.0872
0 0.132080078125 0.8426 0.05029296875 0.0524
0 0.832763671875 0.4346 0.13134765625 0.1068
0 0.828125 0.43 0.14453125 0.0816
0 0.272216796875 0.3172 0.11962890625 0.0664
0 0.296630859375 0.3578 0.16748046875 0.1572
0 0.599853515625 0.3128 0.13720703125 0.1248
0 0.3076171875 0.6036 0.091796875 0.0776
0 0.132080078125 0.8426 0.05029296875 0.0524
0 0.8330078125 0.4294 0.1220703125 0.078
0 0.3076171875 0.6036 0.091796875 0.0776
