0 0.6533928571428571 0.3894482480869915 0.10107142857142858 0.1288763592428514
0 0.8041071428571429 0.7986306886830447 0.08464285714285714 0.2351993556182038
0 0.24821428571428572 0.5312122432541281 0.032857142857142856 0.02577527184857028
0 0.6533928571428571 0.3894482480869915 0.10107142857142858 0.1288763592428514
0 0.2507142857142857 0.5304067660088603 0.035 0.03221908981071285
0 0.40982142857142856 0.5060410793395087 0.09678571428571428 0.12766814337494967
0 0.3580357142857143 0.7287555376560613 0.07607142857142857 0.07209021345147
0 0.5805357142857143 0.7031816351188079 0.3725 0.20378574305275876
0 0.6432142857142857 0.35662505034232783 0.11642857142857142 0.17680225533628674
0 0.40982142857142856 0.5060410793395087 0.09678571428571428 0.12766814337494967
