0 0.08509036144578314 0.6280737704918032 0.022590361445783132 0.018442622950819672
0 0.08684738955823293 0.6282786885245901 0.020080321285140562 0.018032786885245903
0 0.056726907630522086 0.7543032786885245 0.019076305220883535 0.01762295081967213
0 0.545933734939759 0.2719262295081967 0.10893574297188754 0.09221311475409837
0 0.30145582329317266 0.1260245901639344 0.21234939759036145 0.05860655737704918
0 0.050200803212851405 0.8139344262295082 0.05421686746987952 0.06147540983606557
0 0.6224899598393574 0.11987704918032786 0.16164658634538154 0.0471311475409836
0 0.14006024096385541 0.6825819672131147 0.15562248995983935 0.08729508196721311
0 0.6224899598393574 0.11987704918032786 0.16164658634538154 0.0471311475409836
0 0.30145582329317266 0.1260245901639344 0.21234939759036145 0.05860655737704918
0 0.06551204819277108 0.8182377049180328 0.046686746987951805 0.05614754098360656
0 0.2191265060240964 0.7012295081967214 0.2354417670682731 0.05081967213114754
