0 0.7244466145833334 0.3435872395833333 0.1826171875 0.2887369791666667
0 0.77197265625 0.5994466145833334 0.0263671875 0.0673828125
0 0.84716796875 0.6985677083333334 0.032877604166666664 0.051432291666666664
0 0.7991536458333334 0.6243489583333334 0.10026041666666667 0.13020833333333334
0 0.76513671875 0.5900065104166666 0.045247395833333336 0.1298828125
0 0.4070638020833333 0.13134765625 0.10709635416666667 0.017252604166666668
0 0.84716796875 0.6985677083333334 0.032877604166666664 0.051432291666666664
0 0.7244466145833334 0.3435872395833333 0.1826171875 0.2887369791666667
0 0.3313802083333333 0.3943684895833333 0.19921875 0.3108723958333333
0 0.6868489583333334 0.17887369791666666 0.21354166666666666 0.07975260416666667
0 0.720703125 0.33349609375 0.212890625 0.3779296875
0 0.3527018229166667 0.3388671875 0.2041015625 0.2682291666666667
0 0.7244466145833334 0.3435872395833333 0.1826171875 0.2887369791666667
0 0.7991536458333334 0.6243489583333334 0.10026041666666667 0.13020833333333334
0 0.3400065104166667 0.5950520833333334 0.1025390625 0.111328125
