0 0.5648076923076923 0.3941953316953317 0.13115384615384615 0.11025798525798526
0 0.19538461538461538 0.8582616707616708 0.12230769230769231 0.09735872235872235
0 0.25346153846153846 0.41124078624078625 0.06230769230769231 0.04606879606879607
0 0.19538461538461538 0.8582616707616708 0.12230769230769231 0.09735872235872235
0 0.6828846153846154 0.3151105651105651 0.027307692307692307 0.025798525798525797
0 0.5503846153846154 0.5376228501228502 0.07769230769230769 0.05558968058968059
0 0.2323076923076923 0.6160933660933661 0.04230769230769231 0.029484029484029485
0 0.8298076923076924 0.6194717444717445 0.041923076923076924 0.03992628992628992
0 0.19173076923076923 0.8607186732186732 0.12653846153846154 0.09428746928746928
0 0.245 0.34044840294840295 0.04692307692307692 0.032862407862407864
0 0.7873076923076923 0.3874385749385749 0.055384615384615386 0.04269041769041769
0 0.14692307692307693 0.46421990171990174 0.052307692307692305 0.02549140049140049
0 0.27365384615384614 0.5925982800982801 0.03884615384615384 0.02979115479115479
