0 0.7485754985754985 0.29560954816709295 0.2929724596391263 0.34057971014492755
0 0.8231244064577398 0.4264705882352941 0.11158594491927826 0.10869565217391304
0 0.3720322886989554 0.19416027280477408 0.21794871794871795 0.2553282182438193
0 0.6011396011396012 0.6327791986359761 0.597340930674264 0.3124467178175618
0 0.17117758784425452 0.5581841432225064 0.17141500474833807 0.1999147485080989
0 0.5030864197530864 0.2644927536231884 0.11348528015194682 0.27408354646206307
0 0.3710826210826211 0.13277919863597612 0.204653371320038 0.06351236146632566
0 0.8729819563152896 0.7474424552429667 0.09829059829059829 0.15217391304347827
0 0.26400759734093066 0.3220375106564365 0.2127255460588794 0.24595055413469735
0 0.27635327635327633 0.3442028985507246 0.2725546058879392 0.24680306905370844
