0 0.4597981770833333 0.2708333333333333 0.052408854166666664 0.10677083333333333
0 0.22737630208333334 0.5867513020833334 0.0732421875 0.1669921875
0 0.4313151041666667 0.3486328125 0.07291666666666667 0.09244791666666667
0 0.6310221354166666 0.376953125 0.0869140625 0.09830729166666667
0 0.37109375 0.4459635416666667 0.11328125 0.09309895833333333
0 0.6310221354166666 0.376953125 0.0869140625 0.09830729166666667
0 0.41357421875 0.3707682291666667 0.07194010416666667 0.0703125
0 0.4597981770833333 0.2708333333333333 0.052408854166666664 0.10677083333333333
0 0.2999674479166667 0.24169921875 0.031575520833333336 0.0439453125
0 0.22526041666666666 0.6324869791666666 0.044270833333333336 0.08333333333333333
0 0.5711263020833334 0.2939453125 0.10319010416666667 0.12109375
0 0.71435546875 0.341796875 0.1240234375 0.10807291666666667
0 0.37646484375 0.44287109375 0.0927734375 0.09147135416666667
0 0.4195963541666667 0.3689778645833333 0.046875 0.07975260416666667
0 0.3006184895833333 0.3527018229166667 0.10579427083333333 0.07649739583333333
