0 0.3029608006672227 0.45924657534246577 0.2189324437030859 0.15616438356164383
0 0.3367389491242702 0.3138698630136986 0.12885738115095913 0.10787671232876712
0 0.7278982485404504 0.4196917808219178 0.31984987489574646 0.3113013698630137
0 0.658465387823186 0.3421232876712329 0.13511259382819016 0.11917808219178082
0 0.29670558798999164 0.38373287671232875 0.2664720600500417 0.34554794520547943
0 0.7278982485404504 0.4196917808219178 0.31984987489574646 0.3113013698630137
0 0.24124270225187655 0.4849315068493151 0.29065888240200166 0.3678082191780822
0 0.29670558798999164 0.38373287671232875 0.2664720600500417 0.34554794520547943
0 0.6653461217681401 0.3381849315068493 0.11551292743953294 0.12431506849315069
0 0.7278982485404504 0.4196917808219178 0.31984987489574646 0.3113013698630137
