0 0.3901413832632786 0.11898474178403756 0.09705769965609476 0.023767605633802816
0 0.603553687428353 0.11898474178403756 0.06304929308368361 0.01261737089201878
0 0.13947267863966373 0.8108861502347418 0.04891096675582728 0.07012910798122066
0 0.8267099732518151 0.07467723004694836 0.1776843714176538 0.04958920187793427
0 0.200038211692778 0.2546948356807512 0.06304929308368361 0.11561032863849766
0 0.13947267863966373 0.8108861502347418 0.04891096675582728 0.07012910798122066
0 0.9491784486052732 0.1495011737089202 0.09705769965609476 0.10592723004694836
0 0.5918991211310661 0.31338028169014087 0.13909056171188383 0.09976525821596244
0 0.7342376767290791 0.5412265258215962 0.12800917080626673 0.10123239436619719
0 0.19526175009552924 0.7359154929577465 0.1650745128009171 0.15023474178403756
0 0.8251815055406955 0.07409037558685445 0.19144058081773022 0.06073943661971831
0 0.8555598012991975 0.14627347417840375 0.2827665265571265 0.19630281690140844
0 0.9491784486052732 0.14994131455399062 0.07413068398930073 0.11091549295774648
0 0.7319449751623996 0.5437206572769953 0.11960259839510891 0.09741784037558686
0 0.14214749713412303 0.1056338028169014 0.27741688956820787 0.11384976525821597
0 0.8183034008406572 0.6244131455399061 0.042414978983568975 0.03403755868544601
0 0.19717233473442874 0.2574823943661972 0.08712265953381734 0.0988849765258216
0 0.6364157432174246 0.2994424882629108 0.036301108139090564 0.04665492957746479
0 0.815628582346198 0.625 0.04623614826136798 0.034624413145539906
0 0.8181123423767673 0.6269072769953051 0.03591899121131066 0.03667840375586855
0 0.1815055406954528 0.08934859154929578 0.19946503630110815 0.08480046948356808
