0 0.8388157894736842 0.26995192307692306 0.09649122807017543 0.12067307692307692
0 0.6603618421052632 0.6129807692307693 0.5169956140350878 0.15865384615384615
0 0.8711622807017544 0.35528846153846155 0.1524122807017544 0.31346153846153846
0 0.6008771929824561 0.2879807692307692 0.11951754385964912 0.11634615384615385
0 0.19791666666666666 0.5403846153846154 0.0712719298245614 0.06346153846153846
0 0.3163377192982456 0.33413461538461536 0.0581140350877193 0.05961538461538462
0 0.8388157894736842 0.26995192307692306 0.09649122807017543 0.12067307692307692
0 0.19216008771929824 0.5387019230769231 0.0762061403508772 0.07451923076923077
0 0.6589912280701754 0.26129807692307694 0.01864035087719298 0.012980769230769231
0 0.19298245614035087 0.3855769230769231 0.06578947368421052 0.06153846153846154
0 0.8711622807017544 0.36009615384615384 0.13596491228070176 0.3019230769230769
0 0.32593201754385964 0.3331730769230769 0.05975877192982456 0.05384615384615385
0 0.8870614035087719 0.44350961538461536 0.09978070175438597 0.09567307692307692
0 0.6414473684210527 0.22524038461538462 0.029605263157894735 0.03028846153846154
0 0.6266447368421053 0.3016826923076923 0.019736842105263157 0.017788461538461538
0 0.19106359649122806 0.5355769230769231 0.07072368421052631 0.05576923076923077
0 0.20476973684210525 0.37908653846153845 0.03125 0.03894230769230769
0 0.6214364035087719 0.26610576923076923 0.047697368421052634 0.04278846153846154
