0 0.2774748322147651 0.5851236979166666 0.12458053691275167 0.10970052083333333
0 0.28187919463087246 0.3904622395833333 0.2139261744966443 0.4397786458333333
0 0.768246644295302 0.3995768229166667 0.22441275167785235 0.4781901041666667
0 0.7978187919463087 0.5294596354166666 0.13171140939597314 0.17350260416666666
0 0.5901845637583892 0.2682291666666667 0.08557046979865772 0.072265625
0 0.7294463087248322 0.21614583333333334 0.16610738255033558 0.15234375
0 0.10444630872483221 0.71630859375 0.05536912751677853 0.07584635416666667
0 0.768246644295302 0.3995768229166667 0.22441275167785235 0.4781901041666667
0 0.10444630872483221 0.71630859375 0.05536912751677853 0.07584635416666667
0 0.28187919463087246 0.3904622395833333 0.2139261744966443 0.4397786458333333
