0 0.5483346872461413 0.2916028194912657 0.13322502030869213 0.08918173460006129
0 0.21283509341998375 0.21084891204413117 0.010560519902518278 0.009193993257738278
0 0.25345247766043866 0.25727857799570947 0.015434606011372868 0.01195219123505976
0 0.20633631194151097 0.21988967208090715 0.02843216896831844 0.021759117376647256
0 0.293663688058489 0.26402083971805085 0.025995125913891144 0.021146184492798037
0 0.24329813160032493 0.165491878639289 0.0463038180341186 0.046582899172540604
0 0.255889520714866 0.2151394422310757 0.12103980503655565 0.11155378486055777
0 0.2140536149471974 0.5098069261415875 0.0463038180341186 0.03892123812442538
0 0.14723801787164906 0.6265706405148637 0.04752233956133225 0.026662580447441006
0 0.5308692120227457 0.7030340177750536 0.4427294882209586 0.13484523444682808
0 0.20308692120227456 0.16503217897640207 0.11779041429731925 0.09469813055470426
0 0.14886271324126726 0.6365307998774135 0.06539398862713242 0.04719583205638982
