0 0.4361979166666667 0.7219202898550725 0.46242559523809523 0.2545289855072464
0 0.7366071428571429 0.9599184782608695 0.01711309523809524 0.051177536231884056
0 0.5485491071428571 0.2667572463768116 0.23325892857142858 0.21739130434782608
0 0.5485491071428571 0.2667572463768116 0.23325892857142858 0.21739130434782608
0 0.7366071428571429 0.9599184782608695 0.01711309523809524 0.051177536231884056
0 0.10453869047619048 0.8974184782608695 0.06696428571428571 0.1118659420289855
0 0.2689732142857143 0.18953804347826086 0.07217261904761904 0.058423913043478264
0 0.45275297619047616 0.3763586956521739 0.11458333333333333 0.1693840579710145
0 0.09598214285714286 0.8967391304347826 0.028273809523809524 0.08333333333333333
0 0.17485119047619047 0.5745018115942029 0.14508928571428573 0.17346014492753623
0 0.13783482142857142 0.8109148550724637 0.035342261904761904 0.07291666666666667
