0 0.9092307692307692 0.8893779342723005 0.03076923076923077 0.04929577464788732
0 0.22134615384615386 0.7460387323943662 0.20115384615384616 0.11355633802816902
0 0.2323076923076923 0.7677523474178404 0.21076923076923076 0.1728286384976526
0 0.17711538461538462 0.8849765258215962 0.2326923076923077 0.07981220657276995
0 0.0751923076923077 0.8594483568075117 0.025 0.03814553990610329
0 0.9092307692307692 0.8893779342723005 0.03076923076923077 0.04929577464788732
0 0.09211538461538461 0.6822183098591549 0.09115384615384615 0.3685446009389671
0 0.0751923076923077 0.8594483568075117 0.025 0.03814553990610329
0 0.24346153846153845 0.22740610328638497 0.30153846153846153 0.18896713615023475
0 0.2321153846153846 0.49119718309859156 0.34115384615384614 0.7147887323943662
