0 0.20176630434782608 0.7537202380952381 0.020380434782608696 0.013392857142857142
0 0.2601902173913043 0.7349330357142857 0.008605072463768116 0.006324404761904762
0 0.2708333333333333 0.6183035714285714 0.09510869565217392 0.10639880952380952
0 0.6111865942028986 0.5656622023809523 0.04483695652173913 0.05022321428571429
0 0.7364130434782609 0.6220238095238095 0.014492753623188406 0.00744047619047619
0 0.318161231884058 0.43954613095238093 0.18070652173913043 0.2347470238095238
0 0.2708333333333333 0.6183035714285714 0.09510869565217392 0.10639880952380952
0 0.6111865942028986 0.5656622023809523 0.04483695652173913 0.05022321428571429
0 0.20176630434782608 0.7537202380952381 0.020380434782608696 0.013392857142857142
0 0.667572463768116 0.37686011904761907 0.019021739130434784 0.020833333333333332
0 0.3328804347826087 0.35342261904761907 0.14402173913043478 0.07366071428571429
0 0.35031702898550726 0.5662202380952381 0.13632246376811594 0.484375
0 0.23369565217391305 0.6363467261904762 0.025362318840579712 0.018229166666666668
0 0.2608695652173913 0.5993303571428571 0.020833333333333332 0.027529761904761904
0 0.6166213768115942 0.43936011904761907 0.09103260869565218 0.0625
0 0.3328804347826087 0.35342261904761907 0.14402173913043478 0.07366071428571429
0 0.318161231884058 0.43954613095238093 0.18070652173913043 0.2347470238095238
0 0.473731884057971 0.4427083333333333 0.1358695652173913 0.13169642857142858
