0 0.31995593327038085 0.6450617283950617 0.12055398174378344 0.17222222222222222
0 0.6751652502360718 0.49984567901234567 0.15864022662889518 0.33425925925925926
0 0.6757947749449166 0.4993827160493827 0.13849543594586086 0.2518518518518518
0 0.11756373937677053 0.7666666666666667 0.06515580736543909 0.08209876543209876
0 0.31995593327038085 0.6450617283950617 0.12055398174378344 0.17222222222222222
0 0.11756373937677053 0.7666666666666667 0.06515580736543909 0.08209876543209876
0 0.6751652502360718 0.49984567901234567 0.15864022662889518 0.33425925925925926
0 0.6751652502360718 0.49984567901234567 0.15864022662889518 0.33425925925925926
0 0.5410764872521246 0.7660493827160494 0.4740321057601511 0.2814814814814815
0 0.5661000944287063 0.4390432098765432 0.11551778407302486 0.1447530864197531
