0 0.2979214780600462 0.1912660798916723 0.2155504234026174 0.0961408259986459
0 0.6041185527328714 0.15876777251184834 0.13048498845265588 0.056194989844278946
0 0.7859892224788299 0.5856465809072444 0.07467282525019246 0.04807041299932295
0 0.7852193995381063 0.5815842924847664 0.08622016936104696 0.052809749492213946
0 0.31793687451886066 0.6277928232904536 0.07005388760585066 0.0985104942450914
0 0.7280600461893765 0.3265064319566689 0.025789068514241724 0.022004062288422478
0 0.7511547344110855 0.6917738659444821 0.3506543494996151 0.08632362897765741
0 0.5731331793687452 0.6535206499661476 0.4611239414934565 0.11408259986459039
0 0.5662047729022325 0.3569735951252539 0.13163972286374134 0.12965470548408936
0 0.11508852963818322 0.6900812457684495 0.03541185527328714 0.03215978334461747
