0 0.7423048048048048 0.5995508982035929 0.17905405405405406 0.09670658682634731
0 0.7725225225225225 0.07365269461077845 0.3138138138138138 0.14311377245508983
0 0.3063063063063063 0.06077844311377246 0.22447447447447447 0.1155688622754491
0 0.9320570570570571 0.4305389221556886 0.09234234234234234 0.437125748502994
0 0.8258258258258259 0.7080838323353293 0.1891891891891892 0.15089820359281436
0 0.7423048048048048 0.5995508982035929 0.17905405405405406 0.09670658682634731
0 0.7743993993993994 0.5758982035928144 0.15765765765765766 0.10389221556886227
0 0.7423048048048048 0.5995508982035929 0.17905405405405406 0.09670658682634731
0 0.5863363363363363 0.29476047904191616 0.09534534534534535 0.06676646706586827
0 0.816066066066066 0.7375748502994012 0.21696696696696696 0.1535928143712575
