0 0.5425038639876353 0.7322386058981233 0.446676970633694 0.10522788203753351
0 0.1462519319938176 0.7520107238605898 0.07380216383307574 0.10991957104557641
0 0.35394126738794435 0.5435656836461126 0.10432766615146831 0.18431635388739948
0 0.04656105100463678 0.6665549597855228 0.08384853168469861 0.3941018766756032
0 0.26139876352395675 0.4777144772117963 0.33423493044822256 0.36494638069705093
0 0.5757341576506955 0.4401809651474531 0.15687789799072643 0.14309651474530832
0 0.6862442040185471 0.13421581769436997 0.1661514683153014 0.125
0 0.25 0.11712466487935656 0.1267387944358578 0.22888739946380698
0 0.3865919629057187 0.2386058981233244 0.044435857805255025 0.06032171581769437
0 0.3357805255023184 0.5750670241286864 0.0973724884080371 0.16621983914209115
0 0.7789799072642968 0.6613605898123325 0.09814528593508501 0.1732573726541555
0 0.3465996908809892 0.4289544235924933 0.10046367851622875 0.08176943699731903
0 0.3357805255023184 0.5750670241286864 0.0973724884080371 0.16621983914209115
0 0.1462519319938176 0.7520107238605898 0.07380216383307574 0.10991957104557641
