0 0.6798642533936652 0.12927087002465656 0.1726998491704374 0.07749207467418105
0 0.2993966817496229 0.19020781965480804 0.248868778280543 0.13032758013384996
0 0.29675716440422323 0.42937654103557593 0.08974358974358974 0.07396970764353646
0 0.7326546003016591 0.5320535399788658 0.2066365007541478 0.14336033814723495
0 0.7422699849170438 0.5870024656569215 0.36236802413273 0.29834448749559705
0 0.30335595776772245 0.29253258189503345 0.09992458521870287 0.08982035928143713
0 0.8482277526395173 0.5572384642479746 0.10444947209653092 0.2148643888693202
0 0.30335595776772245 0.29253258189503345 0.09992458521870287 0.08982035928143713
0 0.6832579185520362 0.5392743923916872 0.2707390648567119 0.24445227192673477
0 0.2796003016591252 0.3645649876717154 0.2733785822021116 0.389573793589292
0 0.5707013574660633 0.31630855935188446 0.08861236802413273 0.09369496301514618
0 0.7326546003016591 0.5320535399788658 0.2066365007541478 0.14336033814723495
0 0.24226998491704374 0.4968298696724199 0.30279034690799395 0.2476224022543149
