0 0.2029079861111111 0.4203125 0.3051215277777778 0.6267361111111112
0 0.23328993055555555 0.18125 0.22786458333333334 0.15763888888888888
0 0.6532118055555556 0.2222222222222222 0.08940972222222222 0.09444444444444444
0 0.23936631944444445 0.3741319444444444 0.2400173611111111 0.4795138888888889
0 0.2406684027777778 0.3842013888888889 0.2426215277777778 0.41354166666666664
0 0.5505642361111112 0.28524305555555557 0.15234375 0.16006944444444443
0 0.7723524305555556 0.315625 0.06987847222222222 0.044444444444444446
0 0.2849392361111111 0.3376736111111111 0.10026041666666667 0.09409722222222222
0 0.2643229166666667 0.22760416666666666 0.1032986111111111 0.08715277777777777
0 0.2406684027777778 0.3842013888888889 0.2426215277777778 0.41354166666666664
