0 0.5050455729166666 0.17822265625 0.0771484375 0.16959635416666666
0 0.3927408854166667 0.3688151041666667 0.062174479166666664 0.057942708333333336
0 0.69873046875 0.35498046875 0.09993489583333333 0.0400390625
0 0.5675455729166666 0.4656575520833333 0.3199869791666667 0.0849609375
0 0.60546875 0.26708984375 0.125 0.1494140625
0 0.3927408854166667 0.3688151041666667 0.062174479166666664 0.057942708333333336
0 0.43994140625 0.20247395833333334 0.0869140625 0.095703125
0 0.4373372395833333 0.2080078125 0.07975260416666667 0.095703125
0 0.4412434895833333 0.19938151041666666 0.09537760416666667 0.1083984375
0 0.4153645833333333 0.3527018229166667 0.07356770833333333 0.10123697916666667
