0 0.7929838087895142 0.46494845360824744 0.2228218966846569 0.26008836524300444
0 0.21067848882035467 0.421060382916053 0.15844255975327678 0.3455081001472754
0 0.520431765612953 0.5580265095729013 0.45875096376252894 0.20589101620029454
0 0.22629144178874325 0.43166421207658323 0.20971472629144178 0.33313696612665683
0 0.6721279876638396 0.13313696612665685 0.169236700077101 0.06539027982326952
0 0.287201233616037 0.5896907216494846 0.3608326908249807 0.18379970544919
0 0.6042791056283732 0.2895434462444772 0.169236700077101 0.13431516936671575
0 0.774479568234387 0.4572901325478645 0.235929067077872 0.28424153166421207
0 0.22629144178874325 0.43166421207658323 0.20971472629144178 0.33313696612665683
0 0.4009252120277564 0.35095729013254784 0.1094834232845027 0.1958762886597938
0 0.1422513492675405 0.5901325478645066 0.07787201233616037 0.12341678939617085
0 0.3907093292212799 0.1279823269513991 0.11295296838858905 0.031516936671575846
