0 0.78625 0.2791164658634538 0.0745 0.08734939759036145
0 0.228 0.6782128514056225 0.13 0.12550200803212852
0 0.179 0.3609437751004016 0.034 0.045180722891566265
0 0.285 0.2532630522088353 0.061 0.09086345381526105
0 0.607 0.7123493975903614 0.556 0.13855421686746988
0 0.56825 0.4515562248995984 0.1665 0.1390562248995984
0 0.0655 0.6561244979919679 0.027 0.03112449799196787
0 0.9025 0.6659136546184738 0.105 0.31877510040160645
0 0.8295 0.45055220883534136 0.091 0.09186746987951808
0 0.1805 0.357429718875502 0.039 0.050200803212851405
0 0.155 0.5193273092369478 0.084 0.08383534136546185
0 0.1865 0.2284136546184739 0.109 0.0963855421686747
0 0.9045 0.7120983935742972 0.155 0.09387550200803213
0 0.056 0.7304216867469879 0.087 0.2751004016064257
0 0.77 0.20180722891566266 0.127 0.07329317269076305
0 0.285 0.2532630522088353 0.061 0.09086345381526105
0 0.118 0.5446787148594378 0.066 0.08132530120481928
0 0.9045 0.7120983935742972 0.155 0.09387550200803213
0 0.82925 0.44929718875502006 0.0865 0.09839357429718876
0 0.129 0.5333835341365462 0.132 0.14106425702811246
0 0.228 0.6782128514056225 0.13 0.12550200803212852
0 0.8295 0.45055220883534136 0.091 0.09186746987951808
0 0.7905 0.28413654618473894 0.065 0.060240963855421686
0 0.789 0.6666666666666666 0.062 0.07329317269076305
