0 0.2762586805555556 0.3263888888888889 0.19921875 0.12430555555555556
0 0.7463107638888888 0.33975694444444443 0.054253472222222224 0.03923611111111111
0 0.6703559027777778 0.23350694444444445 0.08984375 0.10868055555555556
0 0.2936197916666667 0.240625 0.2348090277777778 0.13472222222222222
0 0.12348090277777778 0.7414930555555556 0.07682291666666667 0.08854166666666667
0 0.2912326388888889 0.24774305555555556 0.2638888888888889 0.128125
0 0.6506076388888888 0.16979166666666667 0.09288194444444445 0.025694444444444443
0 0.7476128472222222 0.3411458333333333 0.06293402777777778 0.04131944444444444
0 0.6427951388888888 0.24097222222222223 0.022569444444444444 0.03333333333333333
0 0.6703559027777778 0.23350694444444445 0.08984375 0.10868055555555556
0 0.7463107638888888 0.33975694444444443 0.054253472222222224 0.03923611111111111
0 0.6924913194444444 0.1831597222222222 0.16710069444444445 0.06631944444444444
0 0.669921875 0.2546875 0.09852430555555555 0.06284722222222222
0 0.5568576388888888 0.3680555555555556 0.11371527777777778 0.1486111111111111
