0 0.7362965565706254 0.6109625668449198 0.32993675333801825 0.2894385026737968
0 0.5658819395643008 0.6846590909090909 0.4627547434996486 0.14338235294117646
0 0.8831693605059733 0.7576871657754011 0.05305692199578355 0.0427807486631016
0 0.7090653548840478 0.578542780748663 0.14054813773717498 0.28342245989304815
0 0.7362965565706254 0.6109625668449198 0.32993675333801825 0.2894385026737968
0 0.060435699226985246 0.901403743315508 0.04708362614195362 0.06149732620320856
0 0.05920590302178496 0.8768382352941176 0.058678847505270554 0.0945855614973262
0 0.8875614898102601 0.7329545454545454 0.054111033028812365 0.0929144385026738
0 0.5959241040056219 0.33238636363636365 0.13914265635980325 0.1427139037433155
0 0.7364722417427969 0.46390374331550804 0.2600140548137737 0.5327540106951871
