0 0.6846788194444444 0.4670138888888889 0.03515625 0.027083333333333334
0 0.783203125 0.6237847222222223 0.12977430555555555 0.1829861111111111
0 0.2957899305555556 0.4328125 0.08203125 0.06354166666666666
0 0.7560763888888888 0.5010416666666667 0.14149305555555555 0.059027777777777776
0 0.6668836805555556 0.38090277777777776 0.06032986111111111 0.12777777777777777
0 0.7063802083333334 0.5215277777777778 0.04383680555555555 0.034722222222222224
0 0.6345486111111112 0.3810763888888889 0.125 0.17881944444444445
0 0.16297743055555555 0.48940972222222223 0.05164930555555555 0.03576388888888889
0 0.2873263888888889 0.4357638888888889 0.09375 0.050694444444444445
0 0.7506510416666666 0.475 0.1697048611111111 0.04791666666666667
0 0.7608506944444444 0.5847222222222223 0.05642361111111111 0.06319444444444444
0 0.7532552083333334 0.5770833333333333 0.0681423611111111 0.05347222222222222
0 0.19205729166666666 0.4045138888888889 0.05946180555555555 0.044444444444444446
