0 0.9751338944146901 0.6698717948717948 0.032134659525631215 0.12884615384615383
0 0.6369548584544759 0.09439102564102564 0.10482019892884469 0.025961538461538463
0 0.4083779648048967 0.10625 0.04246365723029839 0.016346153846153847
0 0.12260902830910482 0.6254807692307692 0.02180566182096404 0.06185897435897436
0 0.18133129303749043 0.07836538461538461 0.25860749808722266 0.12596153846153846
0 0.7825172149961744 0.052564102564102565 0.17635807192042846 0.09487179487179487
0 0.12260902830910482 0.6254807692307692 0.02180566182096404 0.06185897435897436
0 0.21384850803366487 0.4198717948717949 0.3856159143075746 0.2916666666666667
0 0.5893267023718439 0.5625 0.4403213465952563 0.20448717948717948
0 0.062165263963274674 0.6637820512820513 0.10673297628156082 0.6480769230769231
0 0.595256312165264 0.26314102564102565 0.13236419280795717 0.14743589743589744
0 0.1966335118592196 0.37596153846153846 0.36648814078041314 0.2012820512820513
