0 0.3739149305555556 0.44166666666666665 0.10980902777777778 0.1111111111111111
0 0.6280381944444444 0.2734375 0.1519097222222222 0.13784722222222223
0 0.6330295138888888 0.46857638888888886 0.0993923611111111 0.09340277777777778
0 0.09092881944444445 0.7736111111111111 0.023003472222222224 0.04722222222222222
0 0.5525173611111112 0.38229166666666664 0.1232638888888889 0.11527777777777778
0 0.3151041666666667 0.5262152777777778 0.15364583333333334 0.08506944444444445
0 0.3198784722222222 0.2189236111111111 0.125 0.03923611111111111
0 0.09092881944444445 0.7736111111111111 0.023003472222222224 0.04722222222222222
0 0.3125 0.5300347222222223 0.15364583333333334 0.08923611111111111
0 0.2658420138888889 0.4048611111111111 0.2417534722222222 0.25069444444444444
0 0.3125 0.5300347222222223 0.15364583333333334 0.08923611111111111
0 0.267578125 0.43506944444444445 0.21223958333333334 0.2951388888888889
0 0.6182725694444444 0.21684027777777778 0.12890625 0.019097222222222224
0 0.7523871527777778 0.43645833333333334 0.13932291666666666 0.08888888888888889
