0 0.7661812297734628 0.5121710526315789 0.30016181229773464 0.6039473684210527
0 0.7141990291262136 0.19523026315789474 0.3029935275080906 0.17598684210526316
0 0.24312297734627833 0.6085526315789473 0.20307443365695793 0.4
0 0.6818365695792881 0.20773026315789472 0.11690938511326861 0.044407894736842105
0 0.32665857605177995 0.13733552631578946 0.16949838187702265 0.06546052631578947
0 0.7087378640776699 0.18075657894736843 0.2645631067961165 0.13585526315789473
0 0.376415857605178 0.1567434210526316 0.17354368932038836 0.08453947368421053
0 0.7661812297734628 0.5121710526315789 0.30016181229773464 0.6039473684210527
0 0.5954692556634305 0.3111842105263158 0.13673139158576053 0.12105263157894737
0 0.2593042071197411 0.6146381578947369 0.3478964401294498 0.4411184210526316
