0 0.811126141359486 0.5430335097001764 0.04633074061548867 0.10617283950617284
0 0.6802502536354413 0.3333333333333333 0.02874535001690903 0.04162257495590829
0 0.75820087926953 0.32275132275132273 0.01826175177544809 0.031040564373897708
0 0.2566790666215759 0.47901234567901235 0.02096719648292188 0.07195767195767196
0 0.2842407845789652 0.5280423280423281 0.11870138654041258 0.22857142857142856
0 0.7776462631044978 0.36331569664902996 0.07067974298275279 0.12698412698412698
0 0.835306053432533 0.572310405643739 0.026378085897869462 0.12028218694885362
0 0.30537707135610415 0.6054673721340388 0.08048698004734528 0.09065255731922399
0 0.20645924923909367 0.49029982363315694 0.06526885356780521 0.22433862433862434
0 0.17737571863375043 0.5054673721340388 0.03077443354751437 0.13897707231040565
0 0.6031450794724382 0.7067019400352734 0.3818058843422388 0.13932980599647266
0 0.8234697328373352 0.47971781305114636 0.01826175177544809 0.016931216931216932
0 0.2862698681095705 0.8305114638447971 0.02603990530943524 0.026455026455026454
0 0.2842407845789652 0.5280423280423281 0.11870138654041258 0.22857142857142856
0 0.8016570848833277 0.5813051146384479 0.021305377071356105 0.025396825396825397
0 0.7925262089956037 0.3582010582010582 0.02536354413256679 0.037742504409171075
0 0.20848833276969903 0.5234567901234568 0.049036185322962465 0.11710758377425044
0 0.3058843422387555 0.5880070546737214 0.08691241122759553 0.11216931216931217
0 0.21153195806560704 0.7862433862433862 0.07270882651335814 0.0656084656084656
0 0.7888062225228272 0.4462081128747795 0.10652688535678052 0.2892416225749559
0 0.5924923909367602 0.36490299823633154 0.07778153533987149 0.09206349206349207
0 0.336827866080487 0.40299823633156967 0.014203584714237404 0.013051146384479718
0 0.7362191410213054 0.2968253968253968 0.00879269529928982 0.010229276895943563
