0 0.642578125 0.32430555555555557 0.021267361111111112 0.011805555555555555
0 0.7215711805555556 0.5835069444444444 0.05946180555555555 0.06215277777777778
0 0.2664930555555556 0.3576388888888889 0.049479166666666664 0.04513888888888889
0 0.7135416666666666 0.5237847222222223 0.06163194444444445 0.03576388888888889
0 0.7230902777777778 0.5888888888888889 0.06076388888888889 0.06041666666666667
0 0.7087673611111112 0.5270833333333333 0.0546875 0.034027777777777775
0 0.2660590277777778 0.35572916666666665 0.052083333333333336 0.03993055555555555
0 0.7395833333333334 0.7189236111111111 0.044270833333333336 0.05590277777777778
0 0.5974392361111112 0.2751736111111111 0.1228298611111111 0.121875
0 0.2688802083333333 0.359375 0.047309027777777776 0.030555555555555555
0 0.1950954861111111 0.5210069444444444 0.054253472222222224 0.03854166666666667
0 0.2545572916666667 0.5621527777777777 0.031684027777777776 0.03680555555555556
0 0.2567274305555556 0.5612847222222223 0.031684027777777776 0.036458333333333336
0 0.2545572916666667 0.5621527777777777 0.031684027777777776 0.03680555555555556
0 0.3483072916666667 0.5314236111111111 0.037760416666666664 0.043402777777777776
0 0.3483072916666667 0.5314236111111111 0.037760416666666664 0.043402777777777776
0 0.3470052083333333 0.5328125 0.04383680555555555 0.04895833333333333
0 0.3441840277777778 0.21388888888888888 0.07291666666666667 0.07291666666666667
0 0.2660590277777778 0.4215277777777778 0.11371527777777778 0.04236111111111111
0 0.5696614583333334 0.3038194444444444 0.021267361111111112 0.013888888888888888
0 0.19270833333333334 0.5159722222222223 0.06336805555555555 0.04097222222222222
0 0.7339409722222222 0.6020833333333333 0.034722222222222224 0.022916666666666665
0 0.7087673611111112 0.5270833333333333 0.0546875 0.034027777777777775
0 0.3461371527777778 0.5302083333333333 0.039496527777777776 0.049305555555555554
0 0.2549913194444444 0.5623263888888889 0.031684027777777776 0.04201388888888889
0 0.2658420138888889 0.42135416666666664 0.10633680555555555 0.03993055555555555
0 0.5824652777777778 0.22760416666666666 0.09895833333333333 0.109375
0 0.3441840277777778 0.21388888888888888 0.07291666666666667 0.07291666666666667
0 0.19596354166666666 0.51875 0.04904513888888889 0.03958333333333333
0 0.5824652777777778 0.22760416666666666 0.09895833333333333 0.109375
0 0.7395833333333334 0.7189236111111111 0.044270833333333336 0.05590277777777778
0 0.6095920138888888 0.31180555555555556 0.0881076388888889 0.034722222222222224
