0 0.2383116883116883 0.5775862068965517 0.20844155844155843 0.24894131881427708
0 0.2599025974025974 0.34618874773139746 0.22305194805194806 0.17755595886267392
0 0.7413961038961039 0.25816696914700543 0.0685064935064935 0.09044162129461585
0 0.7040584415584416 0.43269812462189955 0.21136363636363636 0.24954627949183303
0 0.6543831168831169 0.21823956442831216 0.2211038961038961 0.10254083484573502
0 0.8386363636363636 0.8844525105868118 0.03961038961038961 0.06352087114337568
0 0.6758116883116884 0.411524500907441 0.24772727272727274 0.2247428917120387
0 0.2599025974025974 0.34618874773139746 0.22305194805194806 0.17755595886267392
0 0.6758116883116884 0.411524500907441 0.24772727272727274 0.2247428917120387
0 0.2599025974025974 0.34618874773139746 0.22305194805194806 0.17755595886267392
0 0.7040584415584416 0.43269812462189955 0.21136363636363636 0.24954627949183303
0 0.23766233766233766 0.26830006049606775 0.19935064935064936 0.15789473684210525
