0 0.7300755033557047 0.2417717086834734 0.1363255033557047 0.04656862745098039
0 0.7479026845637584 0.4495798319327731 0.18791946308724833 0.07983193277310924
0 0.7950922818791947 0.5931372549019608 0.2462248322147651 0.32142857142857145
0 0.5406879194630873 0.6293767507002801 0.3959731543624161 0.16141456582633054
0 0.5608221476510067 0.3792016806722689 0.11493288590604027 0.11274509803921569
0 0.7443372483221476 0.5127801120448179 0.1967281879194631 0.17471988795518206
0 0.3412332214765101 0.23774509803921567 0.1078020134228188 0.03221288515406162
0 0.38171140939597314 0.22724089635854341 0.11241610738255034 0.018207282913165267
0 0.6638003355704698 0.23634453781512604 0.11703020134228188 0.025210084033613446
0 0.7653104026845637 0.2759103641456583 0.15226510067114093 0.10014005602240897
