0 0.8212890625 0.6915690104166666 0.09114583333333333 0.2574869791666667
0 0.7854817708333334 0.5885416666666666 0.171875 0.17578125
0 0.3059895833333333 0.6515299479166666 0.09049479166666667 0.22884114583333334
0 0.361328125 0.6090494791666666 0.232421875 0.2903645833333333
0 0.7854817708333334 0.5885416666666666 0.171875 0.17578125
0 0.8391927083333334 0.8352864583333334 0.051432291666666664 0.051432291666666664
0 0.2794596354166667 0.8284505208333334 0.0478515625 0.07161458333333333
0 0.6905924479166666 0.14046223958333334 0.09407552083333333 0.027018229166666668
0 0.2794596354166667 0.8284505208333334 0.0478515625 0.07161458333333333
0 0.84130859375 0.8580729166666666 0.038736979166666664 0.039713541666666664
0 0.3636067708333333 0.5712890625 0.20442708333333334 0.4713541666666667
0 0.12174479166666667 0.19173177083333334 0.13606770833333334 0.0859375
0 0.3707682291666667 0.58642578125 0.072265625 0.032877604166666664
