0 0.163126452041155 0.6429699842022117 0.31563226020577495 0.3848341232227488
0 0.04447394623299038 0.65434439178515 0.08031861931629605 0.3981042654028436
0 0.6473614337869233 0.12543443917851502 0.09591769000995685 0.017061611374407582
0 0.3040159309658148 0.17251184834123223 0.1971457019581812 0.06382306477093207
0 0.16528377032857616 0.5462875197472354 0.15599070693660802 0.4562401263823065
0 0.24460670428144707 0.5415481832543444 0.19382675074676403 0.11500789889415482
0 0.32841022236973116 0.1821484992101106 0.0985728509790906 0.06034755134281201
0 0.8099900431463658 0.5418641390205371 0.19548622635247262 0.3330173775671406
0 0.24493859940258877 0.5630331753554503 0.035844673083305675 0.08467614533965245
0 0.1803849983405244 0.5676145339652449 0.14769332890806505 0.18988941548183255
0 0.5444739462329904 0.376303317535545 0.14105542648523067 0.14091627172195892
0 0.25041486890142717 0.4976303317535545 0.16627945569200134 0.018325434439178515
0 0.1803849983405244 0.5676145339652449 0.14769332890806505 0.18988941548183255
