0 0.72119140625 0.4739583333333333 0.15462239583333334 0.2649739583333333
0 0.6087239583333334 0.6878255208333334 0.3268229166666667 0.11002604166666667
0 0.7099609375 0.4759114583333333 0.1640625 0.2890625
0 0.72119140625 0.4739583333333333 0.15462239583333334 0.2649739583333333
0 0.7099609375 0.4759114583333333 0.1640625 0.2890625
0 0.72119140625 0.4739583333333333 0.15462239583333334 0.2649739583333333
0 0.5909830729166666 0.3795572916666667 0.09147135416666667 0.09635416666666667
0 0.7099609375 0.4759114583333333 0.1640625 0.2890625
0 0.7306315104166666 0.56591796875 0.07845052083333333 0.07584635416666667
0 0.7366536458333334 0.5652669270833334 0.07161458333333333 0.0830078125
