0 0.33725071225071224 0.21285211267605633 0.16025641025641027 0.19330985915492957
0 0.5404202279202279 0.7424295774647888 0.3863960113960114 0.15176056338028168
0 0.35274216524216523 0.2329225352112676 0.20690883190883191 0.2538732394366197
0 0.23753561253561253 0.4697183098591549 0.08831908831908832 0.0528169014084507
0 0.2688746438746439 0.4413732394366197 0.24002849002849003 0.1573943661971831
0 0.6436965811965812 0.6612676056338028 0.05092592592592592 0.2415492957746479
0 0.35274216524216523 0.2329225352112676 0.20690883190883191 0.2538732394366197
0 0.6549145299145299 0.16496478873239437 0.21367521367521367 0.10669014084507042
0 0.5970441595441596 0.7887323943661971 0.09294871794871795 0.11619718309859155
0 0.6942663817663818 0.3165492957746479 0.15064102564102563 0.1556338028169014
