0 0.6975911458333334 0.28515625 0.12369791666666667 0.07552083333333333
0 0.6634114583333334 0.18359375 0.173828125 0.08723958333333333
0 0.69970703125 0.3108723958333333 0.18196614583333334 0.2916666666666667
0 0.3479817708333333 0.6061197916666666 0.103515625 0.11197916666666667
0 0.6975911458333334 0.28515625 0.12369791666666667 0.07552083333333333
0 0.7366536458333334 0.6705729166666666 0.10091145833333333 0.11653645833333333
0 0.7745768229166666 0.69189453125 0.041341145833333336 0.06282552083333333
0 0.7745768229166666 0.69189453125 0.041341145833333336 0.06282552083333333
0 0.3347981770833333 0.62451171875 0.06477864583333333 0.06998697916666667
0 0.6765950520833334 0.17838541666666666 0.17024739583333334 0.10091145833333333
0 0.69970703125 0.3108723958333333 0.18196614583333334 0.2916666666666667
0 0.7366536458333334 0.6705729166666666 0.10091145833333333 0.11653645833333333
0 0.3479817708333333 0.6061197916666666 0.103515625 0.11197916666666667
0 0.4869791666666667 0.5071614583333334 0.119140625 0.4069010416666667
0 0.3479817708333333 0.6061197916666666 0.103515625 0.11197916666666667
