0 0.314453125 0.4253472222222222 0.3016493055555556 0.42291666666666666
0 0.3289930555555556 0.4366319444444444 0.057291666666666664 0.05173611111111111
0 0.2845052083333333 0.5142361111111111 0.0724826388888889 0.05486111111111111
0 0.7083333333333334 0.3267361111111111 0.0954861111111111 0.11041666666666666
0 0.2580295138888889 0.6078125 0.12803819444444445 0.09270833333333334
0 0.7601996527777778 0.4704861111111111 0.2530381944444444 0.4895833333333333
0 0.7454427083333334 0.4925347222222222 0.24348958333333334 0.39131944444444444
0 0.3420138888888889 0.3840277777777778 0.2708333333333333 0.3326388888888889
0 0.7454427083333334 0.4925347222222222 0.24348958333333334 0.39131944444444444
0 0.8079427083333334 0.6305555555555555 0.15147569444444445 0.20208333333333334
0 0.8079427083333334 0.6305555555555555 0.15147569444444445 0.20208333333333334
0 0.2580295138888889 0.6078125 0.12803819444444445 0.09270833333333334
0 0.7686631944444444 0.4013888888888889 0.0876736111111111 0.07916666666666666
