0 0.2445746527777778 0.2796875 0.1427951388888889 0.15590277777777778
0 0.3033854166666667 0.5548611111111111 0.04079861111111111 0.03611111111111111
0 0.6801215277777778 0.4736111111111111 0.017361111111111112 0.011805555555555555
0 0.18446180555555555 0.5003472222222223 0.015625 0.014583333333333334
0 0.6115451388888888 0.30086805555555557 0.029513888888888888 0.028125
0 0.18836805555555555 0.3171875 0.010416666666666666 0.008680555555555556
0 0.5811631944444444 0.13194444444444445 0.11197916666666667 0.029166666666666667
0 0.6857638888888888 0.3368055555555556 0.014756944444444444 0.0125
0 0.3328993055555556 0.11579861111111112 0.07291666666666667 0.017013888888888887
0 0.2248263888888889 0.3605902777777778 0.014756944444444444 0.014930555555555556
0 0.2897135416666667 0.42777777777777776 0.030815972222222224 0.017361111111111112
0 0.6117621527777778 0.2222222222222222 0.025607638888888888 0.020833333333333332
0 0.1623263888888889 0.5180555555555556 0.019965277777777776 0.016666666666666666
0 0.2124565972222222 0.46875 0.018663194444444444 0.014583333333333334
0 0.16883680555555555 0.5355902777777778 0.10243055555555555 0.14201388888888888
0 0.3546006944444444 0.44600694444444444 0.024305555555555556 0.019097222222222224
0 0.6924913194444444 0.28802083333333334 0.016059027777777776 0.012152777777777778
0 0.7369791666666666 0.5225694444444444 0.09288194444444445 0.1361111111111111
0 0.4025607638888889 0.5034722222222222 0.037760416666666664 0.03263888888888889
0 0.6514756944444444 0.42725694444444445 0.03211805555555555 0.02326388888888889
