0 0.16299833887043189 0.7921619613670133 0.031146179401993355 0.028603268945022287
0 0.5352990033222591 0.29661961367013373 0.13538205980066445 0.11329866270430906
0 0.5282392026578073 0.7141530460624071 0.457641196013289 0.1474739970282318
0 0.09904485049833887 0.8781575037147102 0.04941860465116279 0.05349182763744428
0 0.32641196013289037 0.0663075780089153 0.13704318936877077 0.03528974739970282
0 0.7680647840531561 0.5694650817236255 0.03363787375415282 0.02897473997028232
0 0.7944352159468439 0.6469167904903418 0.02408637873754153 0.018202080237741457
0 0.22466777408637872 0.28343239227340267 0.09966777408637874 0.1151560178306092
0 0.7940199335548173 0.5614784546805349 0.02408637873754153 0.021173848439821695
0 0.2975498338870432 0.6064264487369985 0.055232558139534885 0.05163447251114413
0 0.25892857142857145 0.3224368499257058 0.03363787375415282 0.02526002971768202
0 0.6397425249169435 0.05943536404160475 0.12167774086378738 0.0274888558692422
0 0.665905315614618 0.35568350668647847 0.016196013289036543 0.018945022288261514
0 0.13911960132890366 0.7537147102526003 0.03737541528239203 0.0237741456166419
0 0.12583056478405316 0.6354011887072808 0.029900332225913623 0.02711738484398217
0 0.36773255813953487 0.8476968796433878 0.07848837209302326 0.07949479940564635
0 0.16154485049833886 0.7330980683506686 0.09551495016611296 0.16158989598811294
0 0.2365033222591362 0.6575037147102526 0.013704318936877076 0.01634472511144131
0 0.8164451827242525 0.475111441307578 0.02159468438538206 0.021545319465081723
0 0.16382890365448505 0.7048662704309064 0.051079734219269105 0.0412332838038633
0 0.1723421926910299 0.6023402674591382 0.030730897009966777 0.02637444279346211
0 0.16175249169435216 0.5037147102526003 0.02367109634551495 0.0237741456166419
0 0.23629568106312293 0.3027488855869242 0.03239202657807309 0.02526002971768202
0 0.2813538205980066 0.7037518573551264 0.03612956810631229 0.030089153046062408
0 0.2973421926910299 0.24628528974739972 0.0340531561461794 0.03194650817236255
0 0.8446843853820598 0.763558692421991 0.07641196013289037 0.05386329866270431
0 0.709094684385382 0.43164933135215455 0.024501661129568107 0.022288261515601784
0 0.24584717607973422 0.42719167904903416 0.036544850498338874 0.02600297176820208
0 0.18687707641196014 0.6690193164933135 0.03903654485049834 0.03417533432392273
