0 0.8806423611111112 0.5010416666666667 0.06944444444444445 0.13055555555555556
0 0.6449652777777778 0.36666666666666664 0.036458333333333336 0.04583333333333333
0 0.8910590277777778 0.45381944444444444 0.03819444444444445 0.04791666666666667
0 0.7936197916666666 0.5060763888888888 0.062065972222222224 0.04895833333333333
0 0.8608940972222222 0.5595486111111111 0.040364583333333336 0.06631944444444444
0 0.8806423611111112 0.5010416666666667 0.06944444444444445 0.13055555555555556
0 0.8001302083333334 0.5817708333333333 0.055121527777777776 0.06354166666666666
0 0.5158420138888888 0.36822916666666666 0.10633680555555555 0.08645833333333333
0 0.6616753472222222 0.44288194444444445 0.07421875 0.05451388888888889
0 0.8608940972222222 0.5595486111111111 0.040364583333333336 0.06631944444444444
0 0.595703125 0.21024305555555556 0.2026909722222222 0.04479166666666667
0 0.8083767361111112 0.5663194444444445 0.1427951388888889 0.2611111111111111
0 0.7634548611111112 0.3795138888888889 0.059895833333333336 0.043055555555555555
0 0.8910590277777778 0.45381944444444444 0.03819444444444445 0.04791666666666667
0 0.6827256944444444 0.5161458333333333 0.034722222222222224 0.04895833333333333
0 0.7853732638888888 0.42465277777777777 0.04383680555555555 0.08402777777777778
0 0.8153211805555556 0.6546875 0.05772569444444445 0.07743055555555556
