0 0.878525382755842 0.6184346035015448 0.05842062852538275 0.06350841057329214
0 0.878525382755842 0.6184346035015448 0.05842062852538275 0.06350841057329214
0 0.8051974214343272 0.5712324064538277 0.13094278807413376 0.08856848609680741
0 0.2411361804995971 0.18983865430827326 0.028605962933118453 0.042567799519395814
0 0.1315471394037067 0.6362856162032269 0.035052377115229655 0.09440439409543426
0 0.20930701047542305 0.3474081702711981 0.11643835616438356 0.06659800892550635
0 0.23912167606768736 0.19069687607277722 0.048751007252215955 0.053896326810847925
0 0.13215149073327961 0.6462409886714727 0.060435132957292505 0.07586680398214898
0 0.1315471394037067 0.6362856162032269 0.035052377115229655 0.09440439409543426
0 0.5455278001611603 0.5944043940954342 0.47461724415793716 0.1362856162032269
0 0.8839645447219984 0.6228973566769653 0.0652699435938759 0.09303123927222795
