0 0.7267795138888888 0.12378472222222223 0.05685763888888889 0.07465277777777778
0 0.9259982638888888 0.5541666666666667 0.05164930555555555 0.08680555555555555
0 0.1644965277777778 0.571875 0.050347222222222224 0.05416666666666667
0 0.271484375 0.09809027777777778 0.12456597222222222 0.09479166666666666
0 0.9249131944444444 0.4817708333333333 0.06163194444444445 0.26979166666666665
0 0.16710069444444445 0.5026041666666666 0.06076388888888889 0.18715277777777778
0 0.2786458333333333 0.4895833333333333 0.24739583333333334 0.10833333333333334
0 0.3125 0.11215277777777778 0.19444444444444445 0.14097222222222222
0 0.2814670138888889 0.3170138888888889 0.20789930555555555 0.25972222222222224
0 0.904296875 0.5333333333333333 0.04991319444444445 0.059027777777777776
0 0.2586805555555556 0.48993055555555554 0.1640625 0.07361111111111111
0 0.6940104166666666 0.030729166666666665 0.13194444444444445 0.02673611111111111
0 0.9249131944444444 0.5578125 0.051215277777777776 0.07395833333333333
0 0.6154513888888888 0.18211805555555555 0.1032986111111111 0.11215277777777778
0 0.2035590277777778 0.4984375 0.07465277777777778 0.07048611111111111
