0 0.5121685434071922 0.38835093896713613 0.270250635670178 0.14935446009389672
0 0.07101343988376317 0.7745011737089202 0.04031965128950236 0.07130281690140845
0 0.2816926988739557 0.335093896713615 0.0904467853250999 0.052230046948356805
0 0.08554304395205231 0.681631455399061 0.014166363966581911 0.01056338028169014
0 0.2816926988739557 0.335093896713615 0.0904467853250999 0.052230046948356805
0 0.9322557210316019 0.8164612676056338 0.05702869596803487 0.07247652582159625
0 0.9322557210316019 0.8164612676056338 0.05702869596803487 0.07247652582159625
0 0.07101343988376317 0.7745011737089202 0.04031965128950236 0.07130281690140845
0 0.24645840900835453 0.22637910798122066 0.0751907010533963 0.049002347417840375
0 0.2775154377043226 0.6142899061032864 0.18452597166727205 0.14700704225352113
