0 0.1469184027777778 0.41215277777777776 0.029947916666666668 0.027777777777777776
0 0.6820746527777778 0.47638888888888886 0.03515625 0.02638888888888889
0 0.7465277777777778 0.46944444444444444 0.052083333333333336 0.04583333333333333
0 0.7265625 0.39131944444444444 0.03211805555555555 0.03125
0 0.14344618055555555 0.5027777777777778 0.046440972222222224 0.03680555555555556
0 0.6907552083333334 0.40520833333333334 0.029947916666666668 0.029861111111111113
0 0.7204861111111112 0.3920138888888889 0.09288194444444445 0.29375
0 0.14930555555555555 0.3269097222222222 0.028645833333333332 0.026041666666666668
0 0.224609375 0.3310763888888889 0.023003472222222224 0.017708333333333333
0 0.3031684027777778 0.18368055555555557 0.028211805555555556 0.025
0 0.18033854166666666 0.5890625 0.040364583333333336 0.03229166666666667
0 0.19444444444444445 0.3840277777777778 0.23958333333333334 0.43333333333333335
0 0.2897135416666667 0.42777777777777776 0.04470486111111111 0.03611111111111111
0 0.20442708333333334 0.2763888888888889 0.03732638888888889 0.027083333333333334
0 0.7784288194444444 0.6001736111111111 0.07161458333333333 0.11145833333333334
0 0.7784288194444444 0.6001736111111111 0.07161458333333333 0.11145833333333334
0 0.19444444444444445 0.3840277777777778 0.23958333333333334 0.43333333333333335
0 0.5021701388888888 0.6052083333333333 0.4496527777777778 0.14930555555555555
0 0.4915364583333333 0.3043402777777778 0.12196180555555555 0.10173611111111111
0 0.09895833333333333 0.5503472222222222 0.03732638888888889 0.025694444444444443
