0 0.2710413694721826 0.47923768205763867 0.3074179743223966 0.19801673380849086
0 0.8445078459343794 0.6780291292221878 0.11412268188302425 0.0638363805392005
0 0.8170470756062768 0.7074682367524016 0.17760342368045648 0.02850945150294391
0 0.03940798858773181 0.5357917570498916 0.06098430813124108 0.30926557173845676
0 0.27014978601997147 0.3650449333746514 0.2606990014265335 0.2094824914781531
0 0.13855206847360912 0.7172296250387357 0.1522824536376605 0.22838549736597458
0 0.8457560627674751 0.6770994731949179 0.09165477888730385 0.02850945150294391
0 0.23858773181169757 0.46560272699101335 0.3751783166904422 0.6969321351100093
0 0.7565977175463623 0.3261543229005268 0.08523537803138374 0.0554694762937713
0 0.2710413694721826 0.47923768205763867 0.3074179743223966 0.19801673380849086
0 0.7348430813124108 0.5602726991013325 0.05099857346647646 0.04400371862410908
0 0.7337731811697575 0.5608924697861791 0.04386590584878745 0.05577936163619461
