0 0.3844401041666667 0.4967447916666667 0.21223958333333334 0.21354166666666666
0 0.7508138020833334 0.3680013020833333 0.1142578125 0.09342447916666667
0 0.7864583333333334 0.4796549479166667 0.2506510416666667 0.22428385416666666
0 0.7830403645833334 0.4407552083333333 0.21126302083333334 0.2786458333333333
0 0.3235677083333333 0.4051106770833333 0.026692708333333332 0.0166015625
0 0.5900065104166666 0.24202473958333334 0.11165364583333333 0.09212239583333333
0 0.6246744791666666 0.4938151041666667 0.3014322916666667 0.13216145833333334
0 0.3548177083333333 0.376953125 0.1640625 0.4225260416666667
0 0.3933919270833333 0.33837890625 0.019856770833333332 0.017252604166666668
0 0.7508138020833334 0.3680013020833333 0.1142578125 0.09342447916666667
0 0.7470703125 0.3658854166666667 0.13606770833333334 0.048177083333333336
0 0.8406575520833334 0.4991861979166667 0.1044921875 0.17415364583333334
0 0.8089192708333334 0.3209635416666667 0.064453125 0.11263020833333333
0 0.6590169270833334 0.11507161458333333 0.12141927083333333 0.027018229166666668
