0 0.3031684027777778 0.30243055555555554 0.18359375 0.13472222222222222
0 0.6202256944444444 0.2956597222222222 0.19270833333333334 0.09340277777777778
0 0.3927951388888889 0.25885416666666666 0.034722222222222224 0.026041666666666668
0 0.7009548611111112 0.8425347222222223 0.1171875 0.04826388888888889
0 0.7139756944444444 0.49149305555555556 0.10590277777777778 0.08229166666666667
0 0.6790364583333334 0.30052083333333335 0.11328125 0.109375
0 0.400390625 0.3454861111111111 0.15755208333333334 0.26180555555555557
0 0.6022135416666666 0.3289930555555556 0.03689236111111111 0.014930555555555556
0 0.7035590277777778 0.8390625 0.1293402777777778 0.06215277777777778
0 0.2782118055555556 0.7572916666666667 0.1623263888888889 0.07777777777777778
0 0.09331597222222222 0.8145833333333333 0.0798611111111111 0.08958333333333333
0 0.2918836805555556 0.3416666666666667 0.17491319444444445 0.21388888888888888
0 0.6187065972222222 0.3328125 0.1644965277777778 0.13784722222222223
0 0.3209635416666667 0.2861111111111111 0.2348090277777778 0.12291666666666666
0 0.7196180555555556 0.8369791666666667 0.09288194444444445 0.08159722222222222
0 0.09331597222222222 0.8145833333333333 0.0798611111111111 0.08958333333333333
