0 0.5558939448226442 0.3063642518618822 0.1307774991042637 0.11442112389979689
0 0.32694374776065926 0.5770142180094787 0.033321390182730205 0.14319566689234936
0 0.23092081691150126 0.5854773188896412 0.050519527051236114 0.036222071767095465
0 0.30132568971694734 0.5996953283683142 0.07595843783590112 0.24610697359512526
0 0.3034754568255106 0.4361882193635748 0.08455750627015407 0.08361543669600542
0 0.20315299175922608 0.6052809749492214 0.05661053385883196 0.037237643872714964
0 0.19419562880687927 0.45599187542315506 0.08097456108921533 0.025050778605280974
0 0.27248298101039053 0.5996953283683142 0.06341812970261555 0.05179417738659445
0 0.13059835184521676 0.6582599864590386 0.07130060910068076 0.12017603249830738
0 0.6078466499462558 0.6352403520649966 0.4525259763525618 0.18246445497630331
