0 0.3199385155906895 0.19878048780487806 0.3052261747913922 0.19560975609756098
0 0.7795344751866491 0.7636585365853659 0.0878348704435661 0.06
0 0.3245498462889767 0.21170731707317073 0.3188405797101449 0.2624390243902439
0 0.2707509881422925 0.19585365853658537 0.12165129556433904 0.16146341463414635
0 0.8748353096179183 0.8192682926829268 0.12736056214317085 0.13414634146341464
0 0.33816425120772947 0.24365853658536585 0.12033377250768555 0.1624390243902439
0 0.6082564778216952 0.68 0.5630215195432586 0.2751219512195122
0 0.3245498462889767 0.21170731707317073 0.3188405797101449 0.2624390243902439
0 0.33816425120772947 0.24365853658536585 0.12033377250768555 0.1624390243902439
0 0.3245498462889767 0.21170731707317073 0.3188405797101449 0.2624390243902439
0 0.5619235836627141 0.30658536585365853 0.29117259552042163 0.20634146341463414
