0 0.2437065972222222 0.359375 0.09418402777777778 0.029861111111111113
0 0.3578559027777778 0.22170138888888888 0.2747395833333333 0.12048611111111111
0 0.3101128472222222 0.4435763888888889 0.14453125 0.09479166666666666
0 0.1859809027777778 0.5055555555555555 0.08897569444444445 0.17569444444444443
0 0.296875 0.4027777777777778 0.3168402777777778 0.32083333333333336
0 0.2964409722222222 0.46597222222222223 0.1753472222222222 0.13541666666666666
0 0.3617621527777778 0.20434027777777777 0.2183159722222222 0.08784722222222222
0 0.6254340277777778 0.6121527777777778 0.4652777777777778 0.19722222222222222
0 0.2979600694444444 0.44131944444444443 0.36328125 0.5472222222222223
0 0.3617621527777778 0.20434027777777777 0.2183159722222222 0.08784722222222222
