0 0.3290307971014493 0.22600446428571427 0.19519927536231885 0.11272321428571429
0 0.3269927536231884 0.22674851190476192 0.21014492753623187 0.0978422619047619
0 0.3269927536231884 0.22674851190476192 0.21014492753623187 0.0978422619047619
0 0.30480072463768115 0.3841145833333333 0.31068840579710144 0.39992559523809523
0 0.19995471014492755 0.43080357142857145 0.12001811594202899 0.15699404761904762
0 0.8870018115942029 0.8705357142857143 0.08922101449275362 0.07514880952380952
0 0.16893115942028986 0.8390997023809523 0.11865942028985507 0.09412202380952381
0 0.14628623188405798 0.8307291666666666 0.059782608695652176 0.05357142857142857
0 0.19134963768115942 0.8366815476190477 0.14719202898550723 0.12202380952380952
0 0.323143115942029 0.34988839285714285 0.33016304347826086 0.37016369047619047
0 0.8996829710144928 0.8681175595238095 0.06385869565217392 0.0740327380952381
0 0.7905344202898551 0.31733630952380953 0.2269021739130435 0.23511904761904762
0 0.30480072463768115 0.3841145833333333 0.31068840579710144 0.39992559523809523
